397230.000     1162901.9409     23.441     20.313     0.333012    -0.942447     -0.029936                      NaN     -0.0471         NaN           
397231.000     1156379.4444     23.533     20.495     0.331933    -0.942781     -0.031366                      NaN     -0.0471         NaN           
397232.000     1149866.8851     23.627     20.678     0.330841    -0.943115     -0.032830                      NaN     -0.0472         NaN           
397233.000     1143364.4373     23.722     20.862     0.329738    -0.943448     -0.034326                      NaN     -0.0472         NaN           
397234.000     1136872.2834     23.818     21.049     0.328622    -0.943781     -0.035857                      NaN     -0.0472         NaN           
397235.000     1130390.6094     23.916     21.237     0.327493    -0.944112     -0.037422                      NaN     -0.0472         NaN           
397236.000     1123919.6056     24.015     21.427     0.326352    -0.944443     -0.039022                      NaN     -0.0472         NaN           
397237.000     1117459.4617     24.115     21.618     0.325197    -0.944772     -0.040658                      NaN     -0.0472         NaN           
397238.000     1111010.3848     24.217     21.812     0.324030    -0.945099     -0.042329                      NaN     -0.0473         NaN           
397239.000     1104572.5732     24.320     22.007     0.322848    -0.945426     -0.044038                      NaN     -0.0473         NaN           
397240.000     1098146.2336     24.424     22.204     0.321653    -0.945750     -0.045783                      NaN     -0.0473         NaN           
397241.000     1091731.5775     24.530     22.403     0.320444    -0.946072     -0.047566                      NaN     -0.0473         NaN           
397242.000     1085328.8208     24.638     22.604     0.319221    -0.946393     -0.049387                      NaN     -0.0473         NaN           
397243.000     1078938.1796     24.747     22.807     0.317983    -0.946710     -0.051247                      NaN     -0.0473         NaN           
397244.000     1072559.8882     24.857     23.011     0.316730    -0.947026     -0.053146                      NaN     -0.0474         NaN           
397245.000     1066194.1725     24.969     23.218     0.315462    -0.947338     -0.055086                      NaN     -0.0474         NaN           
397246.000     1059841.2678     25.083     23.427     0.314179    -0.947647     -0.057066                      NaN     -0.0474         NaN           
397247.000     1053501.4145     25.199     23.637     0.312880    -0.947953     -0.059087                      NaN     -0.0474         NaN           
397248.000     1047174.8583     25.316     23.850     0.311565    -0.948255     -0.061150                      NaN     -0.0474         NaN           
397249.000     1040861.8459     25.435     24.065     0.310234    -0.948553     -0.063256                      NaN     -0.0474         NaN           
397250.000     1034562.6430     25.556     24.282     0.308887    -0.948847     -0.065405                      NaN     -0.0474         NaN           
397251.000     1028277.5076     25.678     24.501     0.307522    -0.949137     -0.067597                      NaN     -0.0475         NaN           
397252.000     1022006.7076     25.803     24.723     0.306141    -0.949421     -0.069834                      NaN     -0.0475         NaN           
397253.000     1015750.5174     25.929     24.946     0.304741    -0.949701     -0.072116                      NaN     -0.0475         NaN           
397254.000     1009509.2170     26.058     25.172     0.303324    -0.949975     -0.074444                      NaN     -0.0475         NaN           
397255.000     1003283.0930     26.188     25.400     0.301889    -0.950243     -0.076819                      NaN     -0.0475         NaN           
397256.000      997072.4336     26.321     25.631     0.300435    -0.950505     -0.079240                      NaN     -0.0475         NaN           
397257.000      990877.5476     26.456     25.863     0.298963    -0.950760     -0.081710                      NaN     -0.0475         NaN           
397258.000      984698.7365     26.592     26.099     0.297471    -0.951008     -0.084228                      NaN     -0.0476         NaN           
397259.000      978536.3133     26.731     26.336     0.295959    -0.951249     -0.086795                      NaN     -0.0476         NaN           
397260.000      972390.7786     26.873     26.576     0.294428    -0.951482     -0.089413                      NaN     -0.0476         NaN           
397261.000      966262.0983     27.017     26.819     0.292876    -0.951706     -0.092082                      NaN     -0.0476         NaN           
397262.000      960150.7879     27.163     27.064     0.291303    -0.951922     -0.094802                      NaN     -0.0476         NaN           
397263.000      954057.1898     27.311     27.312     0.289709    -0.952128     -0.097574                      NaN     -0.0476         NaN           
397264.000      947981.6540     27.462     27.562     0.288093    -0.952325     -0.100400                      NaN     -0.0476         NaN           
397265.000      941924.5385     27.616     27.815     0.286456    -0.952511     -0.103280                      NaN     -0.0476         NaN           
397266.000      935886.2093     27.772     28.070     0.284796    -0.952686     -0.106214                      NaN     -0.0476         NaN           
397267.000      929867.0360     27.931     28.329     0.283113    -0.952849     -0.109204                      NaN     -0.0476         NaN           
397268.000      923867.4111     28.093     28.590     0.281407    -0.953001     -0.112251                      NaN     -0.0477         NaN           
397269.000      917887.7213     28.258     28.853     0.279677    -0.953139     -0.115354                      NaN     -0.0477         NaN           
397270.000      911928.3673     28.425     29.120     0.277923    -0.953264     -0.118516                      NaN     -0.0477         NaN           
397271.000      905989.7586     28.596     29.389     0.276144    -0.953375     -0.121736                      NaN     -0.0477         NaN           
397272.000      900072.3140     28.770     29.662     0.274340    -0.953472     -0.125017                      NaN     -0.0477         NaN           
397273.000      894176.4573     28.947     29.937     0.272510    -0.953553     -0.128358                      NaN     -0.0477         NaN           
397274.000      888302.6363     29.127     30.215     0.270654    -0.953617     -0.131760                      NaN     -0.0477         NaN           
397275.000      882451.2943     29.311     30.497     0.268772    -0.953665     -0.135224                      NaN     -0.0477         NaN           
397276.000      876622.8898     29.498     30.781     0.266862    -0.953694     -0.138752                      NaN     -0.0477         NaN           
397277.000      870817.8914     29.688     31.068     0.264924    -0.953705     -0.142344                      NaN     -0.0477         NaN           
397278.000      865036.7785     29.883     31.359     0.262959    -0.953696     -0.146000                      NaN     -0.0477         NaN           
397279.000      859280.0363     30.081     31.652     0.260964    -0.953667     -0.149723                      NaN     -0.0477         NaN           
397280.000      853548.1762     30.283     31.949     0.258941    -0.953616     -0.153512                      NaN     -0.0477         NaN           
397281.000      847841.7059     30.489     32.249     0.256887    -0.953543     -0.157368                      NaN     -0.0477         NaN           
397282.000      842161.1494     30.699     32.553     0.254803    -0.953446     -0.161293                      NaN     -0.0477         NaN           
397283.000      836507.0427     30.913     32.859     0.252688    -0.953325     -0.165287                      NaN     -0.0477         NaN           
397284.000      830879.9339     31.132     33.169     0.250541    -0.953178     -0.169352                      NaN     -0.0477         NaN           
397285.000      825280.3780     31.355     33.483     0.248363    -0.953005     -0.173487                      NaN     -0.0477         NaN           
397286.000      819708.9580     31.582     33.800     0.246151    -0.952803     -0.177695                      NaN     -0.0476         NaN           
397287.000      814166.2542     31.815     34.120     0.243906    -0.952573     -0.181975                      NaN     -0.0476         NaN           
397288.000      808652.8649     32.052     34.444     0.241627    -0.952312     -0.186328                      NaN     -0.0476         NaN           
397289.000      803169.4018     32.295     34.771     0.239314    -0.952019     -0.190756                      NaN     -0.0476         NaN           
397290.000      797716.6489     32.542     35.101     0.236965    -0.951694     -0.195260                      NaN     -0.0476         NaN           
397291.000      792294.9255     32.795     35.436     0.234581    -0.951334     -0.199839                      NaN     -0.0476         NaN           
397292.000      786905.0442     33.054     35.774     0.232160    -0.950938     -0.204496                      NaN     -0.0475         NaN           
397293.000      781547.6715     33.318     36.115     0.229701    -0.950505     -0.209230                      NaN     -0.0475         NaN           
397294.000      776223.4882     33.589     36.460     0.227205    -0.950033     -0.214043                      NaN     -0.0475         NaN           
397295.000      770933.1895     33.865     36.809     0.224671    -0.949521     -0.218935                      NaN     -0.0475         NaN           
397296.000      765677.4803     34.147     37.162     0.222098    -0.948967     -0.223907                      NaN     -0.0474         NaN           
397297.000      760457.0958     34.437     37.518     0.219485    -0.948369     -0.228960                      NaN     -0.0474         NaN           
397298.000      755272.7708     34.733     37.878     0.216831    -0.947726     -0.234094                      NaN     -0.0474         NaN           
397299.000      750125.2603     35.035     38.241     0.214136    -0.947035     -0.239311                      NaN     -0.0474         NaN           
397300.000      745015.3350     35.345     38.609     0.211400    -0.946296     -0.244610                      NaN     -0.0473         NaN           
397301.000      739943.7809     35.663     38.980     0.208622    -0.945506     -0.249992                      NaN     -0.0473         NaN           
397302.000      734911.3998     35.988     39.355     0.205800    -0.944663     -0.255458                      NaN     -0.0472         NaN           
397303.000      729919.0039     36.321     39.733     0.202935    -0.943765     -0.261008                      NaN     -0.0472         NaN           
397304.000      724967.4373     36.662     40.116     0.200026    -0.942810     -0.266644                      NaN     -0.0471         NaN           
397305.000      720057.5442     37.012     40.502     0.197071    -0.941797     -0.272364                      NaN     -0.0471         NaN           
397306.000      715190.1901     37.371     40.892     0.194072    -0.940722     -0.278170                      NaN     -0.0470         NaN           
397307.000      710366.2564     37.739     41.285     0.191026    -0.939584     -0.284062                      NaN     -0.0470         NaN           
397308.000      705586.6409     38.116     41.682     0.187933    -0.938381     -0.290040                      NaN     -0.0469         NaN           
397309.000      700852.2520     38.503     42.083     0.184793    -0.937109     -0.296105                      NaN     -0.0469         NaN           
397310.000      696164.0302     38.900     42.488     0.181605    -0.935768     -0.302255                      NaN     -0.0468         NaN           
397311.000      691522.9160     39.308     42.896     0.178368    -0.934354     -0.308493                      NaN     -0.0467         NaN           
397312.000      686929.8711     39.727     43.308     0.175083    -0.932865     -0.314817                      NaN     -0.0466         NaN           
397313.000      682385.8730     40.157     43.723     0.171748    -0.931298     -0.321227                      NaN     -0.0466         NaN           
397314.000      677891.9147     40.599     44.141     0.168363    -0.929651     -0.327723                      NaN     -0.0465         NaN           
397315.000      673448.9994     41.053     44.563     0.164927    -0.927922     -0.334305                      NaN     -0.0464         NaN           
397316.000      669058.1615     41.519     44.988     0.161440    -0.926107     -0.340973                      NaN     -0.0463         NaN           
397317.000      664720.4341     41.999     45.416     0.157902    -0.924204     -0.347726                      NaN     -0.0462         NaN           
397318.000      660436.8703     42.492     45.847     0.154312    -0.922211     -0.354563                      NaN     -0.0461         NaN           
397319.000      656208.5372     43.000     46.282     0.150670    -0.920124     -0.361485                      NaN     -0.0460         NaN           
397320.000      652036.6359     43.522     46.719     0.146975    -0.917940     -0.368488                      NaN     -0.0459         NaN           
397321.000      647922.0185     44.060     47.158     0.143228    -0.915658     -0.375575                      NaN     -0.0458         NaN           
397322.000      643865.9136     44.613     47.601     0.139428    -0.913274     -0.382742                      NaN     -0.0457         NaN           
397323.000      639869.4403     45.183     48.045     0.135574    -0.910784     -0.389989                      NaN     -0.0455         NaN           
397324.000      635933.7289     45.769     48.492     0.131667    -0.908188     -0.397315                      NaN     -0.0454         NaN           
397325.000      632059.9206     46.374     48.941     0.127707    -0.905480     -0.404717                      NaN     -0.0453         NaN           
397326.000      628249.1609     46.997     49.391     0.123693    -0.902660     -0.412196                      NaN     -0.0451         NaN           
397327.000      624502.6212     47.639     49.843     0.119626    -0.899723     -0.419748                      NaN     -0.0450         NaN           
397328.000      620821.4644     48.301     50.297     0.115506    -0.896667     -0.427372                      NaN     -0.0448         NaN           
397329.000      617206.8660     48.983     50.751     0.111332    -0.893489     -0.435066                      NaN     -0.0447         NaN           
397330.000      613660.0080     49.687     51.206     0.107106    -0.890187     -0.442828                      NaN     -0.0445         NaN           
397331.000      610182.0773     50.413     51.662     0.102827    -0.886756     -0.450655                      NaN     -0.0443         NaN           
397332.000      606774.2589     51.163     52.117     0.098495    -0.883196     -0.458545                      NaN     -0.0442         NaN           
397333.000      603437.7576     51.936     52.573     0.094112    -0.879503     -0.466495                      NaN     -0.0440         NaN           
397334.000      600173.7624     52.734     53.028     0.089678    -0.875674     -0.474503                      NaN     -0.0438         NaN           
397335.000      596983.4679     53.557     53.481     0.085193    -0.871707     -0.482565                      NaN     -0.0436         NaN           
397336.000      593868.0671     54.407     53.934     0.080658    -0.867600     -0.490678                      NaN     -0.0434         NaN           
397388.907      558906.7249    133.725     59.612    -0.181222    -0.452018     -0.873406                      NaN         NaN     -0.0873           
397389.907      560860.3429    135.026     59.235    -0.185365    -0.441946     -0.877681                      NaN         NaN     -0.0878           
397390.907      562904.3910    136.288     58.848    -0.189440    -0.431888     -0.881808                      NaN         NaN     -0.0882           
397391.907      565037.8866    137.513     58.451    -0.193445    -0.421849     -0.885789                      NaN         NaN     -0.0886           
397392.907      567259.8148    138.702     58.046    -0.197379    -0.411835     -0.889625                      NaN         NaN     -0.0890           
397393.907      569569.1473    139.854     57.633    -0.201243    -0.401851     -0.893318                      NaN         NaN     -0.0893           
397394.907      571964.8195    140.971     57.212    -0.205035    -0.391901     -0.896869                      NaN         NaN     -0.0897           
397395.907      574445.7496    142.054     56.786    -0.208755    -0.381991     -0.900280                      NaN         NaN     -0.0900           
397396.907      577010.8357    143.103     56.353    -0.212403    -0.372125     -0.903553                      NaN         NaN     -0.0904           
397397.907      579658.9587    144.119     55.916    -0.215978    -0.362308     -0.906690                      NaN         NaN     -0.0907           
397398.907      582388.9800    145.103     55.474    -0.219480    -0.352543     -0.909693                      NaN         NaN     -0.0910           
397399.907      585199.7586    146.057     55.029    -0.222910    -0.342835     -0.912565                      NaN         NaN     -0.0913           
397400.907      588090.1305    146.980     54.580    -0.226268    -0.333188     -0.915308                      NaN         NaN     -0.0915           
397401.907      591058.9256    147.875     54.128    -0.229552    -0.323605     -0.917925                      NaN         NaN     -0.0918           
397402.907      594104.9656    148.741     53.675    -0.232765    -0.314089     -0.920417                      NaN         NaN     -0.0920           
397403.907      597227.0660    149.580     53.219    -0.235906    -0.304645     -0.922789                      NaN         NaN     -0.0923           
397404.907      600424.0375    150.393     52.762    -0.238975    -0.295275     -0.925042                      NaN         NaN     -0.0925           
397405.907      603694.6843    151.180     52.304    -0.241974    -0.285983     -0.927180                      NaN         NaN     -0.0927           
397406.907      607037.8195    151.944     51.846    -0.244902    -0.276769     -0.929205                      NaN         NaN     -0.0929           
397407.907      610452.2456    152.683     51.388    -0.247760    -0.267639     -0.931120                      NaN         NaN     -0.0931           
397408.907      613936.7700    153.400     50.930    -0.250548    -0.258592     -0.932928                      NaN         NaN     -0.0933           
397409.907      617490.2028    154.095     50.472    -0.253269    -0.249633     -0.934633                      NaN         NaN     -0.0935           
397410.907      621111.3563    154.769     50.016    -0.255921    -0.240762     -0.936236                      NaN         NaN     -0.0936           
397411.907      624799.0496    155.422     49.560    -0.258507    -0.231981     -0.937741                      NaN         NaN     -0.0938           
397412.907      628552.1128    156.056     49.106    -0.261026    -0.223293     -0.939152                      NaN         NaN     -0.0939           
397413.907      632369.3753    156.671     48.654    -0.263481    -0.214698     -0.940469                      NaN         NaN     -0.0940           
397414.907      636249.6778    157.269     48.203    -0.265870    -0.206198     -0.941698                      NaN         NaN     -0.0942           
397415.907      640191.8703    157.848     47.755    -0.268197    -0.197794     -0.942840                      NaN         NaN     -0.0943           
397416.907      644194.8127    158.411     47.308    -0.270461    -0.189487     -0.943899                      NaN         NaN     -0.0944           
397417.907      648257.3727    158.957     46.864    -0.272664    -0.181278     -0.944877                      NaN         NaN     -0.0945           
397418.907      652378.4384    159.488     46.423    -0.274806    -0.173167     -0.945777                      NaN         NaN     -0.0946           
397419.907      656556.9011    160.004     45.985    -0.276889    -0.165156     -0.946602                      NaN         NaN     -0.0947           
397420.907      660791.6678    160.506     45.549    -0.278914    -0.157244     -0.947355                      NaN         NaN     -0.0947           
397421.907      665081.6586    160.993     45.117    -0.280881    -0.149433     -0.948038                      NaN         NaN     -0.0948           
397422.907      669425.8076    161.467     44.687    -0.282792    -0.141721     -0.948654                      NaN         NaN     -0.0949           
397423.907      673823.0628    161.929     44.261    -0.284648    -0.134111     -0.949205                      NaN         NaN     -0.0949           
397424.907      678272.3844    162.377     43.838    -0.286450    -0.126600     -0.949694                      NaN         NaN     -0.0950           
397425.907      682772.7550    162.814     43.419    -0.288199    -0.119190     -0.950124                      NaN         NaN     -0.0950           
397426.907      687323.1647    163.239     43.003    -0.289896    -0.111880     -0.950496                      NaN         NaN     -0.0950           
397427.907      691922.6215    163.653     42.590    -0.291542    -0.104670     -0.950814                      NaN         NaN     -0.0951           
397428.907      696570.1492    164.056     42.181    -0.293138    -0.097560     -0.951079                      NaN         NaN     -0.0951           
397429.907      701264.7871    164.449     41.776    -0.294686    -0.090549     -0.951294                      NaN         NaN     -0.0951           
397430.907      706005.5883    164.832     41.374    -0.296186    -0.083638     -0.951461                      NaN         NaN     -0.0951           
397431.907      710791.6286    165.205     40.976    -0.297639    -0.076824     -0.951582                      NaN         NaN     -0.0952           
397432.907      715621.9932    165.569     40.582    -0.299047    -0.070108     -0.951659                      NaN         NaN     -0.0952           
397433.907      720495.7854    165.924     40.191    -0.300410    -0.063489     -0.951695                      NaN         NaN     -0.0952           
397434.907      725412.1248    166.270     39.804    -0.301730    -0.056967     -0.951690                      NaN         NaN     -0.0952           
397435.907      730370.1470    166.608     39.421    -0.303007    -0.050540     -0.951647                      NaN         NaN     -0.0952           
397436.907      735369.0015    166.937     39.042    -0.304243    -0.044208     -0.951568                      NaN         NaN     -0.0952           
397437.907      740407.8601    167.259     38.667    -0.305438    -0.037970     -0.951455                      NaN         NaN     -0.0951           
397438.907      745485.9043    167.573     38.295    -0.306594    -0.031826     -0.951308                      NaN         NaN     -0.0951           
397439.907      750602.3332    167.880     37.927    -0.307711    -0.025773     -0.951131                      NaN         NaN     -0.0951           
397440.907      755756.3595    168.179     37.563    -0.308790    -0.019812     -0.950924                      NaN         NaN     -0.0951           
397441.907      760947.2182    168.472     37.202    -0.309832    -0.013942     -0.950689                      NaN         NaN     -0.0951           
397442.907      766174.1511    168.758     36.846    -0.310839    -0.008161     -0.950428                      NaN         NaN     -0.0950           
397443.907      771436.4228    169.038     36.493    -0.311811    -0.002468     -0.950141                      NaN         NaN     -0.0950           
397444.907      776733.3076    169.312     36.144    -0.312748     0.003137     -0.949831                      NaN         NaN     -0.0950           
397445.907      782064.0966    169.579     35.798    -0.313652     0.008656     -0.949498                      NaN         NaN     -0.0949           
397446.907      787428.0952    169.841     35.456    -0.314524     0.014090     -0.949145                      NaN         NaN     -0.0949           
397447.907      792824.6236    170.097     35.118    -0.315364     0.019439     -0.948772                      NaN         NaN     -0.0949           
397448.907      798253.0161    170.347     34.783    -0.316174     0.024705     -0.948380                      NaN         NaN     -0.0948           
397449.907      803712.6197    170.593     34.452    -0.316953     0.029889     -0.947970                      NaN         NaN     -0.0948           
397450.907      809202.7998    170.833     34.125    -0.317703     0.034992     -0.947544                      NaN         NaN     -0.0948           
397451.907      814722.9305    171.068     33.801    -0.318425     0.040015     -0.947103                      NaN         NaN     -0.0947           
397452.907      820272.4013    171.298     33.480    -0.319119     0.044959     -0.946648                      NaN         NaN     -0.0947           
397453.907      825850.6144    171.523     33.163    -0.319786     0.049826     -0.946179                      NaN         NaN     -0.0946           
397454.907      831456.9854    171.744     32.849    -0.320426     0.054616     -0.945698                      NaN         NaN     -0.0946           
397455.907      837090.9407    171.961     32.539    -0.321041     0.059330     -0.945205                      NaN         NaN     -0.0945           
397456.907      842751.9238    172.173     32.232    -0.321631     0.063970     -0.944702                      NaN         NaN     -0.0945           
397457.907      848439.3860    172.381     31.929    -0.322196     0.068536     -0.944189                      NaN         NaN     -0.0944           
397458.907      854152.7920    172.585     31.628    -0.322738     0.073030     -0.943667                      NaN         NaN     -0.0944           
397459.907      859891.6184    172.785     31.331    -0.323257     0.077453     -0.943136                      NaN         NaN     -0.0943           
397460.907      865655.3532    172.981     31.037    -0.323753     0.081806     -0.942598                      NaN         NaN     -0.0943           
397461.907      871443.4945    173.174     30.747    -0.324228     0.086090     -0.942054                      NaN         NaN     -0.0942           
397462.907      877255.5552    173.363     30.459    -0.324681     0.090305     -0.941503                      NaN         NaN     -0.0942           
397463.907      883091.0553    173.548     30.175    -0.325113     0.094454     -0.940946                      NaN         NaN     -0.0941           
397464.907      888949.5267    173.730     29.893    -0.325525     0.098537     -0.940385                      NaN         NaN     -0.0940           
397465.907      894830.5117    173.908     29.615    -0.325918     0.102555     -0.939819                      NaN         NaN     -0.0940           
397466.907      900733.5626    174.083     29.339    -0.326291     0.106509     -0.939250                      NaN         NaN     -0.0939           
397467.907      906658.2408    174.256     29.067    -0.326646     0.110400     -0.938677                      NaN         NaN     -0.0939           
397468.907      912604.1205    174.425     28.797    -0.326982     0.114229     -0.938101                      NaN         NaN     -0.0938           
397469.907      918570.7822    174.591     28.530    -0.327301     0.117998     -0.937524                      NaN         NaN     -0.0938           
397470.907      924557.8142    174.754     28.266    -0.327603     0.121706     -0.936944                      NaN         NaN     -0.0937           
397471.907      930564.8219    174.914     28.005    -0.327888     0.125356     -0.936363                      NaN         NaN     -0.0936           
397472.907      936591.4115    175.072     27.747    -0.328157     0.128948     -0.935781                      NaN         NaN     -0.0936           
397473.907      942637.2006    175.226     27.491    -0.328410     0.132482     -0.935198                      NaN         NaN     -0.0935           
397474.907      948701.8145    175.379     27.238    -0.328647     0.135961     -0.934615                      NaN         NaN     -0.0935           
397475.907      954784.8892    175.528     26.988    -0.328869     0.139384     -0.934033                      NaN         NaN     -0.0934           
397476.907      960886.0665    175.675     26.740    -0.329077     0.142754     -0.933450                      NaN         NaN     -0.0933           
397477.907      967004.9967    175.820     26.495    -0.329270     0.146069     -0.932869                      NaN         NaN     -0.0933           
397478.907      973141.3380    175.962     26.252    -0.329450     0.149332     -0.932289                      NaN         NaN     -0.0932           
397479.907      979294.7561    176.102     26.012    -0.329616     0.152544     -0.931710                      NaN         NaN     -0.0932           
397480.907      985464.9234    176.240     25.774    -0.329769     0.155705     -0.931133                      NaN         NaN     -0.0931           
397481.907      991651.5217    176.376     25.539    -0.329909     0.158816     -0.930558                      NaN         NaN     -0.0931           
397482.907      997854.2376    176.509     25.306    -0.330037     0.161877     -0.929985                      NaN         NaN     -0.0930           
397483.907     1004072.7652    176.640     25.075    -0.330152     0.164891     -0.929414                      NaN         NaN     -0.0929           
397484.907     1010306.8055    176.769     24.847    -0.330256     0.167857     -0.928846                      NaN         NaN     -0.0929           
397485.907     1016556.0661    176.897     24.621    -0.330348     0.170776     -0.928281                      NaN         NaN     -0.0928           
397486.907     1022820.2600    177.022     24.397    -0.330429     0.173649     -0.927719                      NaN         NaN     -0.0928           
397487.907     1029099.1088    177.145     24.176    -0.330499     0.176477     -0.927160                      NaN         NaN     -0.0927           
397488.907     1035392.3378    177.267     23.957    -0.330558     0.179261     -0.926605                      NaN         NaN     -0.0927           
397489.907     1041699.6794    177.386     23.739    -0.330607     0.182001     -0.926053                      NaN         NaN     -0.0926           
397490.907     1048020.8714    177.504     23.524    -0.330646     0.184698     -0.925505                      NaN         NaN     -0.0926           
397491.907     1054355.6574    177.620     23.312    -0.330676     0.187352     -0.924961                      NaN         NaN     -0.0925           
397492.907     1060703.7867    177.734     23.101    -0.330695     0.189966     -0.924421                      NaN         NaN     -0.0924           
397493.907     1067065.0133    177.847     22.892    -0.330705     0.192538     -0.923885                      NaN         NaN     -0.0924           
397494.907     1073439.0979    177.958     22.685    -0.330707     0.195070     -0.923353                      NaN         NaN     -0.0923           
397495.907     1079825.8051    178.068     22.480    -0.330699     0.197563     -0.922826                      NaN         NaN     -0.0923           
397496.907     1086224.9047    178.176     22.278    -0.330683     0.200016     -0.922303                      NaN         NaN     -0.0922           
397497.907     1092636.1717    178.282     22.077    -0.330658     0.202432     -0.921784                      NaN         NaN     -0.0922           
397498.907     1099059.3858    178.387     21.878    -0.330625     0.204810     -0.921271                      NaN         NaN     -0.0921           
397499.907     1105494.3309    178.490     21.680    -0.330585     0.207151     -0.920762                      NaN         NaN     -0.0921           
397500.907     1111940.7937    178.592     21.485    -0.330536     0.209455     -0.920258                      NaN         NaN     -0.0920           
397501.907     1118398.5729    178.693     21.292    -0.330480     0.211724     -0.919759                      NaN         NaN     -0.0920           
397502.907     1124867.4633    178.792     21.100    -0.330417     0.213958     -0.919264                      NaN         NaN     -0.0919           
397503.907     1131347.2669    178.890     20.910    -0.330346     0.216157     -0.918775                      NaN         NaN     -0.0919           
397504.907     1137837.7896    178.986     20.722    -0.330268     0.218322     -0.918291                      NaN         NaN     -0.0918           
397505.907     1144338.8413    179.081     20.535    -0.330184     0.220454     -0.917812                      NaN         NaN     -0.0918           
397506.907     1150850.2364    179.175     20.350    -0.330093     0.222552     -0.917338                      NaN         NaN     -0.0917           
397507.907     1157371.7927    179.268     20.167    -0.329996     0.224619     -0.916869                      NaN         NaN     -0.0917           
397508.907     1163903.3316    179.360     19.986    -0.329892     0.226653     -0.916406                      NaN         NaN     -0.0916           


435575.338     1150855.3340    140.486     20.324     0.465805     0.058678     -0.882940                      NaN         NaN     -0.0883           
435576.338     1144607.9185    140.339     20.501     0.464581     0.061861     -0.883367                      NaN         NaN     -0.0883           
435577.338     1138374.2060    140.190     20.679     0.463337     0.065077     -0.883790                      NaN         NaN     -0.0884           
435578.338     1132154.4306    140.040     20.860     0.462073     0.068328     -0.884206                      NaN         NaN     -0.0884           
435579.338     1125948.8308    139.887     21.041     0.460790     0.071613     -0.884615                      NaN         NaN     -0.0885           
435580.338     1119757.6431    139.732     21.224     0.459486     0.074933     -0.885018                      NaN         NaN     -0.0885           
435581.338     1113581.1298    139.575     21.409     0.458162     0.078288     -0.885414                      NaN         NaN     -0.0885           
435582.338     1107419.5371    139.416     21.595     0.456816     0.081678     -0.885803                      NaN         NaN     -0.0886           
435583.338     1101273.1229    139.254     21.782     0.455449     0.085105     -0.886185                      NaN         NaN     -0.0886           
435584.338     1095142.1505    139.090     21.971     0.454060     0.088569     -0.886558                      NaN         NaN     -0.0887           
435585.338     1089026.8883    138.924     22.162     0.452649     0.092069     -0.886923                      NaN         NaN     -0.0887           
435586.338     1082927.6030    138.756     22.354     0.451214     0.095608     -0.887279                      NaN         NaN     -0.0887           
435587.338     1076844.5880    138.585     22.548     0.449757     0.099184     -0.887627                      NaN         NaN     -0.0888           
435588.338     1070778.1209    138.411     22.743     0.448275     0.102798     -0.887965                      NaN         NaN     -0.0888           
435589.338     1064728.4921    138.235     22.940     0.446770     0.106452     -0.888293                      NaN         NaN     -0.0888           
435590.338     1058695.9979    138.057     23.139     0.445240     0.110145     -0.888611                      NaN         NaN     -0.0889           
435591.338     1052680.9401    137.876     23.340     0.443684     0.113878     -0.888919                      NaN         NaN     -0.0889           
435592.338     1046683.6271    137.692     23.542     0.442103     0.117651     -0.889215                      NaN         NaN     -0.0889           
435593.338     1040704.3656    137.506     23.745     0.440495     0.121465     -0.889500                      NaN         NaN     -0.0889           
435594.338     1034743.4907    137.316     23.951     0.438861     0.125320     -0.889773                      NaN         NaN     -0.0890           
435595.338     1028801.3220    137.124     24.158     0.437200     0.129217     -0.890033                      NaN         NaN     -0.0890           
435596.338     1022878.1929    136.929     24.367     0.435510     0.133157     -0.890281                      NaN         NaN     -0.0890           
435597.338     1016974.4435    136.731     24.577     0.433793     0.137139     -0.890515                      NaN         NaN     -0.0891           
435598.338     1011090.4204    136.530     24.790     0.432046     0.141164     -0.890735                      NaN         NaN     -0.0891           
435599.338     1005226.4701    136.326     25.004     0.430270     0.145234     -0.890940                      NaN         NaN     -0.0891           
435600.338      999382.9717    136.118     25.220     0.428464     0.149347     -0.891131                      NaN         NaN     -0.0891           
435601.338      993560.2783    135.908     25.438     0.426627     0.153505     -0.891305                      NaN         NaN     -0.0891           
435602.338      987758.7687    135.694     25.657     0.424759     0.157709     -0.891464                      NaN         NaN     -0.0891           
435603.338      981978.8258    135.477     25.879     0.422859     0.161958     -0.891605                      NaN         NaN     -0.0892           
435604.338      976220.8397    135.256     26.102     0.420927     0.166253     -0.891729                      NaN         NaN     -0.0892           
435605.338      970485.2008    135.032     26.327     0.418961     0.170594     -0.891835                      NaN         NaN     -0.0892           
435606.338      964772.3299    134.804     26.554     0.416962     0.174983     -0.891921                      NaN         NaN     -0.0892           
435607.338      959082.6333    134.573     26.783     0.414928     0.179419     -0.891988                      NaN         NaN     -0.0892           
435608.338      953416.5329    134.337     27.014     0.412860     0.183904     -0.892035                      NaN         NaN     -0.0892           
435609.338      947774.4590    134.098     27.247     0.410755     0.188437     -0.892061                      NaN         NaN     -0.0892           
435610.338      942156.8500    133.855     27.482     0.408614     0.193018     -0.892064                      NaN         NaN     -0.0892           
435611.338      936564.1533    133.608     27.718     0.406436     0.197649     -0.892045                      NaN         NaN     -0.0892           
435612.338      930996.8170    133.357     27.957     0.404220     0.202330     -0.892003                      NaN         NaN     -0.0892           
435613.338      925455.3210    133.102     28.197     0.401966     0.207061     -0.891936                      NaN         NaN     -0.0892           
435614.338      919940.1314    132.843     28.440     0.399672     0.211842     -0.891844                      NaN         NaN     -0.0892           
435615.338      914451.7310    132.579     28.684     0.397338     0.216675     -0.891726                      NaN         NaN     -0.0892           
435616.338      908990.6117    132.310     28.930     0.394963     0.221559     -0.891581                      NaN         NaN     -0.0892           
435617.338      903557.2749    132.037     29.179     0.392547     0.226494     -0.891407                      NaN         NaN     -0.0891           
435618.338      898152.2239    131.759     29.429     0.390089     0.231482     -0.891205                      NaN         NaN     -0.0891           
435619.338      892775.9945    131.477     29.681     0.387587     0.236522     -0.890973                      NaN         NaN     -0.0891           
435620.338      887429.1093    131.189     29.935     0.385042     0.241615     -0.890710                      NaN         NaN     -0.0891           
435621.338      882112.1085    130.897     30.192     0.382452     0.246761     -0.890415                      NaN         NaN     -0.0890           
435622.338      876825.5423    130.599     30.450     0.379816     0.251961     -0.890087                      NaN         NaN     -0.0890           
435623.338      871569.9709    130.297     30.710     0.377134     0.257214     -0.889725                      NaN         NaN     -0.0890           
435624.338      866345.9572    129.988     30.972     0.374406     0.262521     -0.889327                      NaN         NaN     -0.0889           
435625.338      861154.0974    129.675     31.236     0.371629     0.267882     -0.888893                      NaN         NaN     -0.0889           
435626.338      855994.9752    129.355     31.502     0.368803     0.273298     -0.888421                      NaN         NaN     -0.0888           
435627.338      850869.1922    129.030     31.770     0.365928     0.278768     -0.887910                      NaN         NaN     -0.0888           
435628.338      845777.3610    128.699     32.040     0.363003     0.284293     -0.887359                      NaN         NaN     -0.0887           
435629.338      840720.1047    128.362     32.311     0.360026     0.289873     -0.886766                      NaN         NaN     -0.0887           
435630.338      835698.0602    128.019     32.585     0.356998     0.295508     -0.886131                      NaN         NaN     -0.0886           
435631.338      830711.8627    127.669     32.860     0.353916     0.301197     -0.885451                      NaN         NaN     -0.0885           
435632.338      825762.1795    127.313     33.137     0.350780     0.306942     -0.884726                      NaN         NaN     -0.0885           
435633.338      820849.6695    126.950     33.417     0.347590     0.312742     -0.883953                      NaN         NaN     -0.0884           
435634.338      815975.0123    126.581     33.697     0.344345     0.318596     -0.883133                      NaN         NaN     -0.0883           
435635.338      811138.8963    126.204     33.980     0.341043     0.324506     -0.882262                      NaN         NaN     -0.0882           
435636.338      806342.0209    125.821     34.264     0.337683     0.330470     -0.881340                      NaN         NaN     -0.0881           
435637.338      801585.0884    125.430     34.550     0.334266     0.336488     -0.880365                      NaN         NaN     -0.0880           
435638.338      796868.8358    125.032     34.838     0.330790     0.342561     -0.879335                      NaN         NaN     -0.0879           
435639.338      792193.9874    124.626     35.127     0.327254     0.348688     -0.878249                      NaN         NaN     -0.0878           
435640.338      787561.2861    124.212     35.417     0.323658     0.354869     -0.877105                      NaN         NaN     -0.0877           
435641.338      782971.4858    123.791     35.710     0.320000     0.361103     -0.875902                      NaN         NaN     -0.0876           
435642.338      778425.3507    123.361     36.003     0.316280     0.367390     -0.874638                      NaN         NaN     -0.0875           
435643.338      773923.6479    122.923     36.298     0.312497     0.373730     -0.873311                      NaN         NaN     -0.0873           
435644.338      769467.1787    122.476     36.594     0.308650     0.380121     -0.871919                      NaN         NaN     -0.0872           
435645.338      765056.7309    122.021     36.892     0.304739     0.386563     -0.870461                      NaN         NaN     -0.0870           
435646.338      760693.1103    121.557     37.190     0.300762     0.393056     -0.868935                      NaN         NaN     -0.0869           
435647.338      756377.1324    121.083     37.490     0.296720     0.399599     -0.867339                      NaN         NaN     -0.0867           
435725.166      633106.5918     51.737     48.678    -0.187865     0.878884     -0.438486                  -0.0439         NaN         NaN           
435726.166      634801.0589     50.755     48.485    -0.194423     0.881722     -0.429845                  -0.0441         NaN         NaN           
435727.166      636577.6810     49.786     48.283    -0.200923     0.884432     -0.421201                  -0.0442         NaN         NaN           
435728.166      638435.7695     48.830     48.074    -0.207364     0.887015     -0.412559                  -0.0444         NaN         NaN           
435729.166      640374.6125     47.887     47.859    -0.213745     0.889472     -0.403922                  -0.0445         NaN         NaN           
435730.166      642393.4702     46.959     47.636    -0.220062     0.891804     -0.395294                  -0.0446         NaN         NaN           
435731.166      644491.5993     46.044     47.407    -0.226316     0.894014     -0.386678                  -0.0447         NaN         NaN           
435732.166      646668.2192     45.143     47.171    -0.232503     0.896102     -0.378078                  -0.0448         NaN         NaN           
435733.166      648922.5371     44.257     46.930    -0.238625     0.898070     -0.369498                  -0.0449         NaN         NaN           
435734.166      651253.7427     43.384     46.683    -0.244678     0.899919     -0.360940                  -0.0450         NaN         NaN           
435735.166      653661.0100     42.526     46.432    -0.250662     0.901652     -0.352408                  -0.0451         NaN         NaN           
435736.166      656143.4931     41.683     46.175    -0.256576     0.903270     -0.343906                  -0.0452         NaN         NaN           
435737.166      658700.3487     40.854     45.913    -0.262420     0.904776     -0.335435                  -0.0452         NaN         NaN           
435738.166      661330.7053     40.039     45.647    -0.268192     0.906170     -0.327000                  -0.0453         NaN         NaN           
435739.166      664033.6855     39.238     45.377    -0.273891     0.907456     -0.318603                  -0.0454         NaN         NaN           
435740.166      666808.4025     38.452     45.103    -0.279518     0.908635     -0.310246                  -0.0454         NaN         NaN           
435741.166      669653.9606     37.680     44.826    -0.285071     0.909709     -0.301933                  -0.0455         NaN         NaN           
435742.166      672569.4565     36.922     44.546    -0.290550     0.910682     -0.293666                  -0.0455         NaN         NaN           
435743.166      675553.9759     36.178     44.262    -0.295955     0.911554     -0.285446                  -0.0456         NaN         NaN           
435744.166      678606.6137     35.447     43.976    -0.301286     0.912329     -0.277278                  -0.0456         NaN         NaN           
435745.166      681726.4457     34.731     43.687    -0.306542     0.913008     -0.269162                  -0.0457         NaN         NaN           
435746.166      684912.5492     34.027     43.396    -0.311724     0.913594     -0.261101                  -0.0457         NaN         NaN           
435747.166      688163.9994     33.337     43.103    -0.316830     0.914090     -0.253097                  -0.0457         NaN         NaN           
435748.166      691479.8701     32.661     42.809    -0.321863     0.914497     -0.245151                  -0.0457         NaN         NaN           
435749.166      694859.2297     31.997     42.512    -0.326820     0.914819     -0.237265                  -0.0457         NaN         NaN           
435750.166      698301.1580     31.346     42.215    -0.331704     0.915057     -0.229442                  -0.0458         NaN         NaN           
435751.166      701804.7293     30.707     41.916    -0.336513     0.915214     -0.221681                  -0.0458         NaN         NaN           
435752.166      705369.0208     30.081     41.616    -0.341248     0.915292     -0.213986                  -0.0458         NaN         NaN           
435753.166      708993.1102     29.467     41.315    -0.345910     0.915294     -0.206356                  -0.0458         NaN         NaN           
435754.166      712676.0802     28.865     41.014    -0.350500     0.915222     -0.198794                  -0.0458         NaN         NaN           
435755.166      716417.0136     28.275     40.712    -0.355016     0.915078     -0.191301                  -0.0458         NaN         NaN           
435756.166      720215.0104     27.697     40.410    -0.359461     0.914865     -0.183877                  -0.0457         NaN         NaN           
435757.166      724069.1633     27.129     40.108    -0.363834     0.914585     -0.176523                  -0.0457         NaN         NaN           
435758.166      727978.5751     26.573     39.806    -0.368136     0.914239     -0.169240                  -0.0457         NaN         NaN           
435759.166      731942.3551     26.027     39.504    -0.372368     0.913832     -0.162029                  -0.0457         NaN         NaN           
435760.166      735959.6196     25.492     39.202    -0.376530     0.913364     -0.154891                  -0.0457         NaN         NaN           
435761.166      740029.4919     24.968     38.901    -0.380624     0.912838     -0.147826                  -0.0456         NaN         NaN           
435762.166      744151.0998     24.454     38.600    -0.384649     0.912256     -0.140834                  -0.0456         NaN         NaN           
435763.166      748323.5903     23.950     38.300    -0.388607     0.911620     -0.133917                  -0.0456         NaN         NaN           
435764.166      752546.1077     23.455     38.000    -0.392498     0.910932     -0.127074                  -0.0455         NaN         NaN           
435765.166      756817.8089     22.971     37.702    -0.396323     0.910195     -0.120305                  -0.0455         NaN         NaN           
435766.166      761137.8602     22.495     37.404    -0.400084     0.909409     -0.113612                  -0.0455         NaN         NaN           
435767.166      765505.4372     22.029     37.107    -0.403780     0.908578     -0.106994                  -0.0454         NaN         NaN           
435768.166      769919.7217     21.572     36.812    -0.407413     0.907703     -0.100450                  -0.0454         NaN         NaN           
435769.166      774379.9159     21.123     36.517    -0.410983     0.906786     -0.093982                  -0.0453         NaN         NaN           
435770.166      778885.2219     20.683     36.224    -0.414492     0.905828     -0.087589                  -0.0453         NaN         NaN           
435771.166      783434.8552     20.252     35.932    -0.417940     0.904832     -0.081271                  -0.0452         NaN         NaN           
435772.166      788028.0421     19.828     35.642    -0.421329     0.903799     -0.075028                  -0.0452         NaN         NaN           
435773.166      792664.0192     19.413     35.353    -0.424658     0.902731     -0.068860                  -0.0451         NaN         NaN           
435774.166      797342.0310     19.006     35.065    -0.427930     0.901630     -0.062767                  -0.0451         NaN         NaN           
435775.166      802061.3418     18.606     34.779    -0.431144     0.900497     -0.056747                  -0.0450         NaN         NaN           
435776.166      806821.2177     18.214     34.495    -0.434303     0.899333     -0.050802                  -0.0450         NaN         NaN           
435777.166      811620.9385     17.829     34.212    -0.437406     0.898141     -0.044930                  -0.0449         NaN         NaN           
435778.166      816459.7952     17.451     33.931    -0.440455     0.896922     -0.039132                  -0.0448         NaN         NaN           
435779.166      821337.0897     17.080     33.652    -0.443450     0.895676     -0.033406                  -0.0448         NaN         NaN           
435780.166      826252.1306     16.716     33.374    -0.446393     0.894407     -0.027753                  -0.0447         NaN         NaN           
435781.166      831204.2446     16.359     33.098    -0.449284     0.893114     -0.022171                  -0.0447         NaN         NaN           
435782.166      836192.7733     16.008     32.824    -0.452125     0.891799     -0.016662                  -0.0446         NaN         NaN           
435783.166      841217.0569     15.663     32.552    -0.454916     0.890464     -0.011223                  -0.0445         NaN         NaN           
435784.166      846276.4518     15.325     32.281    -0.457657     0.889109     -0.005854                  -0.0445         NaN         NaN           
435785.166      851370.3254     14.993     32.013    -0.460351     0.887737     -0.000556                  -0.0444         NaN         NaN           
435786.166      856498.0558     14.666     31.746    -0.462998     0.886347      0.004674                  -0.0443         NaN         NaN           
435787.166      861659.0294     14.346     31.482    -0.465599     0.884941      0.009835                  -0.0442         NaN         NaN           
435788.166      866852.6505     14.031     31.219    -0.468154     0.883521      0.014927                  -0.0442         NaN         NaN           
435789.166      872078.3265     13.722     30.958    -0.470665     0.882087      0.019952                  -0.0441         NaN         NaN           
435790.166      877335.4777     13.418     30.699    -0.473132     0.880640      0.024911                  -0.0440         NaN         NaN           
435791.166      882623.5348     13.120     30.442    -0.475556     0.879181      0.029803                  -0.0440         NaN         NaN           
435792.166      887941.9387     12.826     30.187    -0.477938     0.877711      0.034630                  -0.0439         NaN         NaN           
435793.166      893290.1381     12.538     29.934    -0.480279     0.876231      0.039392                  -0.0438         NaN         NaN           
435794.166      898667.5984     12.255     29.682    -0.482579     0.874742      0.044090                  -0.0437         NaN         NaN           
435795.166      904073.7882     11.976     29.433    -0.484840     0.873245      0.048724                  -0.0437         NaN         NaN           
435796.166      909508.1881     11.702     29.186    -0.487062     0.871740      0.053296                  -0.0436         NaN         NaN           
435797.166      914970.2884     11.433     28.941    -0.489246     0.870228      0.057806                  -0.0435         NaN         NaN           
435798.166      920459.5887     11.168     28.697    -0.491393     0.868710      0.062254                  -0.0434         NaN         NaN           
435799.166      925975.5981     10.908     28.456    -0.493503     0.867187      0.066642                  -0.0434         NaN         NaN           

