148832.000     1159106.0755      0.846     20.249     0.345578    -0.091307     -0.933937                      NaN         NaN     -0.0934           
148833.000     1152578.8851      0.753     20.431     0.344554    -0.088809     -0.934556                      NaN         NaN     -0.0935           
148834.000     1146062.0223      0.658     20.614     0.343514    -0.086280     -0.935176                      NaN         NaN     -0.0935           
148835.000     1139555.6729      0.562     20.799     0.342459    -0.083721     -0.935795                      NaN         NaN     -0.0936           
148836.000     1133060.0266      0.465     20.985     0.341387    -0.081131     -0.936415                      NaN         NaN     -0.0936           
148837.000     1126575.2770      0.366     21.174     0.340298    -0.078509     -0.937035                      NaN         NaN     -0.0937           
148838.000     1120101.6221      0.266     21.364     0.339192    -0.075854     -0.937654                      NaN         NaN     -0.0938           
148839.000     1113639.2639      0.164     21.555     0.338069    -0.073167     -0.938273                      NaN         NaN     -0.0938           
148840.000     1107188.4086      0.061     21.749     0.336928    -0.070447     -0.938891                      NaN         NaN     -0.0939           
148841.000     1100749.2671     -0.043     21.944     0.335768    -0.067693     -0.939509                      NaN         NaN     -0.0940           
148842.000     1094322.0546     -0.150     22.141     0.334591    -0.064904     -0.940126                      NaN         NaN     -0.0940           
148843.000     1087906.9910     -0.258     22.340     0.333394    -0.062080     -0.940741                      NaN         NaN     -0.0941           
148844.000     1081504.3011     -0.367     22.541     0.332178    -0.059221     -0.941356                      NaN         NaN     -0.0941           
148845.000     1075114.2143     -0.478     22.744     0.330943    -0.056327     -0.941968                      NaN         NaN     -0.0942           
148846.000     1068736.9652     -0.591     22.949     0.329688    -0.053395     -0.942579                      NaN         NaN     -0.0943           
148847.000     1062372.7934     -0.706     23.156     0.328412    -0.050426     -0.943188                      NaN         NaN     -0.0943           
148848.000     1056021.9437     -0.822     23.365     0.327115    -0.047420     -0.943794                      NaN         NaN     -0.0944           
148849.000     1049684.6666     -0.941     23.575     0.325797    -0.044375     -0.944398                      NaN         NaN     -0.0944           
148850.000     1043361.2174     -1.061     23.788     0.324458    -0.041292     -0.944998                      NaN         NaN     -0.0945           
148851.000     1037051.8576     -1.183     24.003     0.323096    -0.038168     -0.945596                      NaN         NaN     -0.0946           
148852.000     1030756.8543     -1.307     24.220     0.321712    -0.035005     -0.946190                      NaN         NaN     -0.0946           
148853.000     1024476.4805     -1.433     24.439     0.320305    -0.031801     -0.946781                      NaN         NaN     -0.0947           
148854.000     1018211.0153     -1.561     24.661     0.318874    -0.028556     -0.947367                      NaN         NaN     -0.0947           
148855.000     1011960.7438     -1.691     24.884     0.317420    -0.025268     -0.947948                      NaN         NaN     -0.0948           
148856.000     1005725.9580     -1.823     25.110     0.315941    -0.021938     -0.948525                      NaN         NaN     -0.0949           
148857.000      999506.9552     -1.958     25.338     0.314437    -0.018564     -0.949097                      NaN         NaN     -0.0949           
148858.000      993304.0406     -2.095     25.568     0.312907    -0.015147     -0.949663                      NaN         NaN     -0.0950           
148859.000      987117.5256     -2.234     25.801     0.311352    -0.011684     -0.950223                      NaN         NaN     -0.0950           
148860.000      980947.9139     -2.375     26.036     0.309770    -0.008176     -0.950776                      NaN         NaN     -0.0951           
148861.000      974795.1604     -2.519     26.274     0.308161    -0.004623     -0.951323                      NaN         NaN     -0.0951           
148862.000      968659.7835     -2.666     26.514     0.306525    -0.001022     -0.951862                      NaN         NaN     -0.0952           
148863.000      962542.1239     -2.814     26.756     0.304860     0.002626     -0.952393                      NaN         NaN     -0.0952           
148864.000      956442.5296     -2.966     27.001     0.303167     0.006323     -0.952916                      NaN         NaN     -0.0953           
148865.000      950361.3566     -3.120     27.248     0.301445     0.010068     -0.953431                      NaN         NaN     -0.0953           
148866.000      944298.9688     -3.277     27.498     0.299692     0.013863     -0.953935                      NaN         NaN     -0.0954           
148867.000      938255.7392     -3.437     27.751     0.297909     0.017709     -0.954430                      NaN         NaN     -0.0954           
148868.000      932232.0471     -3.599     28.006     0.296095     0.021606     -0.954914                      NaN         NaN     -0.0955           
148869.000      926228.2822     -3.765     28.264     0.294250     0.025555     -0.955387                      NaN         NaN     -0.0955           
148870.000      920244.8428     -3.933     28.525     0.292372     0.029556     -0.955848                      NaN         NaN     -0.0956           
148871.000      914282.1358     -4.105     28.788     0.290461     0.033611     -0.956296                      NaN         NaN     -0.0956           
148872.000      908340.5774     -4.280     29.054     0.288516     0.037720     -0.956732                      NaN         NaN     -0.0957           
148873.000      902420.5944     -4.458     29.323     0.286537     0.041884     -0.957153                      NaN         NaN     -0.0957           
148874.000      896522.6200     -4.640     29.595     0.284523     0.046104     -0.957560                      NaN         NaN     -0.0958           
148875.000      890647.1005     -4.825     29.869     0.282473     0.050381     -0.957951                      NaN         NaN     -0.0958           
148876.000      884794.4909     -5.013     30.147     0.280386     0.054715     -0.958327                      NaN         NaN     -0.0958           
148877.000      878965.2568     -5.206     30.427     0.278263     0.059107     -0.958685                      NaN         NaN     -0.0959           
148878.000      873159.8741     -5.402     30.711     0.276101     0.063558     -0.959025                      NaN         NaN     -0.0959           
148879.000      867378.8306     -5.601     30.997     0.273901     0.068069     -0.959346                      NaN         NaN     -0.0959           
148880.000      861622.6218     -5.805     31.287     0.271661     0.072640     -0.959648                      NaN         NaN     -0.0960           
148881.000      855891.7576     -6.013     31.580     0.269381     0.077273     -0.959929                      NaN         NaN     -0.0960           
148882.000      850186.7582     -6.225     31.875     0.267060     0.081967     -0.960188                      NaN         NaN     -0.0960           
148883.000      844508.1554     -6.441     32.174     0.264697     0.086725     -0.960424                      NaN         NaN     -0.0960           
148884.000      838856.4930     -6.662     32.476     0.262292     0.091547     -0.960636                      NaN         NaN     -0.0961           
148885.000      833232.3280     -6.888     32.782     0.259843     0.096432     -0.960824                      NaN         NaN     -0.0961           
148886.000      827636.2260     -7.118     33.090     0.257350     0.101383     -0.960985                      NaN         NaN     -0.0961           
148887.000      822068.7688     -7.353     33.402     0.254811     0.106401     -0.961119                      NaN         NaN     -0.0961           
148888.000      816530.5500     -7.593     33.717     0.252227     0.111484     -0.961225                      NaN         NaN     -0.0961           
148889.000      811022.1760     -7.838     34.036     0.249596     0.116636     -0.961300                      NaN         NaN     -0.0961           
148890.000      805544.4314     -8.088     34.358     0.246917     0.121855     -0.961345                      NaN         NaN     -0.0961           
148891.000      800097.6185     -8.344     34.683     0.244189     0.127144     -0.961356                      NaN         NaN     -0.0961           
148892.000      794682.5499     -8.605     35.011     0.241412     0.132502     -0.961334                      NaN         NaN     -0.0961           
148893.000      789299.8863     -8.872     35.343     0.238585     0.137931     -0.961277                      NaN         NaN     -0.0961           
148894.000      783950.3025     -9.146     35.679     0.235706     0.143430     -0.961182                      NaN         NaN     -0.0961           
148895.000      778634.4876     -9.425     36.018     0.232775     0.149001     -0.961049                      NaN         NaN     -0.0961           
148896.000      773353.1468     -9.711     36.360     0.229791     0.154645     -0.960875                      NaN         NaN     -0.0961           
148897.000      768106.9948    -10.003     36.706     0.226752     0.160361     -0.960660                      NaN         NaN     -0.0961           
148898.000      762896.7666    -10.302     37.056     0.223659     0.166151     -0.960401                      NaN         NaN     -0.0960           
148899.000      757723.2101    -10.608     37.409     0.220510     0.172015     -0.960097                      NaN         NaN     -0.0960           
148900.000      752587.0888    -10.921     37.765     0.217304     0.177953     -0.959746                      NaN         NaN     -0.0960           
148901.000      747489.1813    -11.242     38.125     0.214040     0.183967     -0.959345                      NaN         NaN     -0.0959           
148902.000      742430.2816    -11.570     38.488     0.210717     0.190055     -0.958894                      NaN         NaN     -0.0959           
148903.000      737411.2018    -11.907     38.855     0.207335     0.196220     -0.958389                      NaN         NaN     -0.0958           
148904.000      732432.7628    -12.251     39.226     0.203892     0.202460     -0.957830                      NaN         NaN     -0.0958           
148905.000      727495.8079    -12.604     39.600     0.200388     0.208777     -0.957213                      NaN         NaN     -0.0957           
148906.000      722601.1943    -12.966     39.977     0.196822     0.215171     -0.956537                      NaN         NaN     -0.0957           
148907.000      717749.7948    -13.337     40.358     0.193192     0.221641     -0.955799                      NaN         NaN     -0.0956           
148908.000      712942.4982    -13.717     40.743     0.189498     0.228189     -0.954998                      NaN         NaN     -0.0955           
148909.000      708180.2118    -14.108     41.131     0.185738     0.234813     -0.954130                      NaN         NaN     -0.0954           
148910.000      703463.8511    -14.508     41.522     0.181913     0.241514     -0.953194                      NaN         NaN     -0.0953           
148911.000      698794.3551    -14.918     41.916     0.178022     0.248293     -0.952186                      NaN         NaN     -0.0952           
148912.000      694172.6760    -15.339     42.314     0.174062     0.255148     -0.951106                      NaN         NaN     -0.0951           
148913.000      689599.7813    -15.772     42.715     0.170035     0.262079     -0.949949                      NaN         NaN     -0.0950           
148914.000      685076.6545    -16.216     43.119     0.165938     0.269087     -0.948713                      NaN         NaN     -0.0949           
148915.000      680604.2966    -16.672     43.526     0.161771     0.276171     -0.947396                      NaN         NaN     -0.0947           
148916.000      676183.7157    -17.140     43.936     0.157534     0.283330     -0.945995                      NaN         NaN     -0.0946           
148917.000      671815.9428    -17.621     44.348     0.153226     0.290564     -0.944508                      NaN         NaN     -0.0945           
148918.000      667502.0204    -18.116     44.764     0.148846     0.297871     -0.942930                      NaN         NaN     -0.0943           
148919.000      663243.0055    -18.624     45.182     0.144393     0.305252     -0.941261                      NaN         NaN     -0.0941           
148920.000      659040.0959    -19.146     45.603     0.139868     0.312705     -0.939496                      NaN         NaN     -0.0939           
148921.000      654894.1184    -19.684     46.026     0.135269     0.320230     -0.937633                      NaN         NaN     -0.0938           
148922.000      650806.2986    -20.236     46.452     0.130596     0.327824     -0.935669                      NaN         NaN     -0.0936           
148923.000      646777.7448    -20.804     46.879     0.125849     0.335488     -0.933601                      NaN         NaN     -0.0934           
148924.000      642809.5771    -21.389     47.308     0.121027     0.343218     -0.931426                      NaN         NaN     -0.0931           
148925.000      638902.9259    -21.991     47.739     0.116131     0.351015     -0.929140                      NaN         NaN     -0.0929           
148926.000      635058.9357    -22.610     48.172     0.111160     0.358876     -0.926742                      NaN         NaN     -0.0927           
148927.000      631278.7494    -23.248     48.606     0.106113     0.366799     -0.924228                      NaN         NaN     -0.0924           
148928.000      627563.5289    -23.905     49.041     0.100992     0.374783     -0.921596                      NaN         NaN     -0.0922           
148929.000      623914.4400    -24.581     49.476     0.095795     0.382825     -0.918841                      NaN         NaN     -0.0919           
148930.000      620332.6547    -25.277     49.912     0.090523     0.390923     -0.915961                      NaN         NaN     -0.0916           
148931.000      616819.3508    -25.995     50.348     0.085177     0.399075     -0.912953                      NaN         NaN     -0.0913           
148932.000      613375.7136    -26.734     50.784     0.079757     0.407278     -0.909815                      NaN         NaN     -0.0910           
148933.000      610002.9203    -27.495     51.220     0.074262     0.415529     -0.906543                      NaN         NaN     -0.0907           
148934.000      606702.1611    -28.280     51.655     0.068695     0.423825     -0.903135                      NaN         NaN     -0.0903           
148935.000      603474.6226    -29.088     52.088     0.063054     0.432164     -0.899588                      NaN         NaN     -0.0900           
148936.000      600321.4904    -29.921     52.520     0.057342     0.440542     -0.895899                      NaN         NaN     -0.0896           
148937.000      597243.9475    -30.780     52.950     0.051559     0.448956     -0.892065                      NaN         NaN     -0.0892           
148938.000      594243.1728    -31.665     53.377     0.045705     0.457402     -0.888085                      NaN         NaN     -0.0888           
148939.000      591320.3437    -32.577     53.801     0.039783     0.465877     -0.883955                      NaN         NaN     -0.0884           
148940.000      588476.6171    -33.517     54.222     0.033793     0.474376     -0.879673                      NaN         NaN     -0.0880           
148941.000      585713.1536    -34.485     54.639     0.027736     0.482896     -0.875238                      NaN         NaN     -0.0875           
148942.000      583031.0987    -35.482     55.051     0.021615     0.491432     -0.870648                      NaN         NaN     -0.0871           
149007.894      613473.4066   -124.029     50.559    -0.380925     0.872373     -0.306368                  -0.0436         NaN         NaN           
149008.894      616919.5192   -124.761     50.121    -0.385021     0.873778     -0.297105                  -0.0437         NaN         NaN           
149009.894      620435.2984   -125.472     49.682    -0.389033     0.875073     -0.287923                  -0.0438         NaN         NaN           
149010.894      624019.5469   -126.161     49.244    -0.392962     0.876263     -0.278824                  -0.0438         NaN         NaN           
149011.894      627671.0981   -126.831     48.807    -0.396809     0.877351     -0.269810                  -0.0439         NaN         NaN           
149012.894      631388.7784   -127.482     48.370    -0.400575     0.878339     -0.260884                  -0.0439         NaN         NaN           
149013.894      635171.4224   -128.113     47.934    -0.404260     0.879231     -0.252046                  -0.0440         NaN         NaN           
149014.894      639017.8722   -128.727     47.500    -0.407867     0.880029     -0.243299                  -0.0440         NaN         NaN           
149015.894      642926.9781   -129.323     47.067    -0.411395     0.880737     -0.234643                  -0.0440         NaN         NaN           
149016.894      646897.6069   -129.903     46.636    -0.414846     0.881357     -0.226081                  -0.0441         NaN         NaN           
149017.894      650928.6140   -130.466     46.207    -0.418221     0.881893     -0.217614                  -0.0441         NaN         NaN           
149018.894      655018.8871   -131.013     45.780    -0.421522     0.882348     -0.209241                  -0.0441         NaN         NaN           
149019.894      659167.3181   -131.546     45.355    -0.424750     0.882723     -0.200965                  -0.0441         NaN         NaN           
149020.894      663372.8113   -132.064     44.933    -0.427905     0.883024     -0.192786                  -0.0442         NaN         NaN           
149021.894      667634.2833   -132.567     44.513    -0.430989     0.883251     -0.184705                  -0.0442         NaN         NaN           
149022.894      671950.6713   -133.057     44.096    -0.434004     0.883408     -0.176721                  -0.0442         NaN         NaN           
149023.894      676320.9047   -133.534     43.682    -0.436951     0.883498     -0.168836                  -0.0442         NaN         NaN           
149024.894      680743.9484   -133.999     43.271    -0.439831     0.883522     -0.161050                  -0.0442         NaN         NaN           
149025.894      685218.7745   -134.451     42.863    -0.442645     0.883485     -0.153363                  -0.0442         NaN         NaN           
149026.894      689744.3700   -134.891     42.458    -0.445394     0.883388     -0.145774                  -0.0442         NaN         NaN           
149027.894      694319.7369   -135.320     42.056    -0.448081     0.883233     -0.138284                  -0.0442         NaN         NaN           
149028.894      698943.8993   -135.738     41.657    -0.450706     0.883024     -0.130893                  -0.0442         NaN         NaN           
149029.894      703615.8758   -136.145     41.262    -0.453270     0.882762     -0.123601                  -0.0441         NaN         NaN           
149030.894      708334.7218   -136.542     40.870    -0.455775     0.882450     -0.116407                  -0.0441         NaN         NaN           
149031.894      713099.5012   -136.929     40.481    -0.458223     0.882090     -0.109311                  -0.0441         NaN         NaN           
149032.894      717909.2938   -137.307     40.096    -0.460614     0.881684     -0.102312                  -0.0441         NaN         NaN           
149033.894      722763.1954   -137.675     39.714    -0.462949     0.881235     -0.095411                  -0.0441         NaN         NaN           
149034.894      727660.3244   -138.034     39.336    -0.465231     0.880744     -0.088606                  -0.0440         NaN         NaN           
149035.894      732599.7943   -138.385     38.961    -0.467460     0.880213     -0.081896                  -0.0440         NaN         NaN           
149036.894      737580.7555   -138.727     38.590    -0.469637     0.879644     -0.075283                  -0.0440         NaN         NaN           
149037.894      742602.3673   -139.061     38.222    -0.471764     0.879040     -0.068763                  -0.0440         NaN         NaN           
149038.894      747663.8045   -139.387     37.858    -0.473842     0.878401     -0.062338                  -0.0439         NaN         NaN           
149039.894      752764.2578   -139.705     37.497    -0.475872     0.877730     -0.056005                  -0.0439         NaN         NaN           
149040.894      757902.9309   -140.016     37.140    -0.477855     0.877028     -0.049765                  -0.0439         NaN         NaN           
149041.894      763079.0576   -140.320     36.787    -0.479792     0.876297     -0.043616                  -0.0438         NaN         NaN           
149042.894      768291.8584   -140.617     36.437    -0.481685     0.875539     -0.037558                  -0.0438         NaN         NaN           
149043.894      773540.5925   -140.908     36.090    -0.483535     0.874755     -0.031589                  -0.0437         NaN         NaN           
149044.894      778824.5272   -141.192     35.747    -0.485342     0.873946     -0.025709                  -0.0437         NaN         NaN           
149045.894      784142.9445   -141.469     35.408    -0.487108     0.873115     -0.019917                  -0.0437         NaN         NaN           
149046.894      789495.1413   -141.741     35.072    -0.488834     0.872261     -0.014211                  -0.0436         NaN         NaN           
149047.894      794880.4357   -142.006     34.739    -0.490520     0.871387     -0.008591                  -0.0436         NaN         NaN           
149048.894      800298.1393   -142.266     34.410    -0.492169     0.870495     -0.003057                  -0.0435         NaN         NaN           
149049.894      805747.5989   -142.520     34.085    -0.493780     0.869584      0.002395                  -0.0435         NaN         NaN           
149050.894      811228.1678   -142.769     33.762    -0.495355     0.868656      0.007763                  -0.0434         NaN         NaN           
149051.894      816739.2133   -143.013     33.443    -0.496895     0.867713      0.013050                  -0.0434         NaN         NaN           
149052.894      822280.1159   -143.252     33.128    -0.498400     0.866755      0.018255                  -0.0433         NaN         NaN           

408644.593     1100779.8266    -10.858     21.892     0.454236    -0.178225     -0.872872                      NaN         NaN     -0.0873           
408645.593     1094864.6438    -11.055     22.073     0.455091    -0.174256     -0.873228                      NaN         NaN     -0.0873           
408646.593     1088967.5785    -11.253     22.255     0.455947    -0.170242     -0.873573                      NaN         NaN     -0.0874           
408647.593     1083088.9343    -11.455     22.439     0.456806    -0.166183     -0.873906                      NaN         NaN     -0.0874           
408648.593     1077229.0205    -11.659     22.624     0.457666    -0.162077     -0.874227                      NaN         NaN     -0.0874           
408649.593     1071388.1547    -11.867     22.810     0.458528    -0.157924     -0.874535                      NaN         NaN     -0.0875           
408650.593     1065566.6526    -12.077     22.997     0.459391    -0.153724     -0.874831                      NaN         NaN     -0.0875           
408651.593     1059764.8436    -12.290     23.186     0.460255    -0.149476     -0.875113                      NaN         NaN     -0.0875           
408652.593     1053983.0604    -12.506     23.377     0.461120    -0.145179     -0.875381                      NaN         NaN     -0.0875           
408653.593     1048221.6421    -12.725     23.568     0.461985    -0.140833     -0.875635                      NaN         NaN     -0.0876           
408654.593     1042480.9337    -12.947     23.761     0.462851    -0.136437     -0.875873                      NaN         NaN     -0.0876           
408655.593     1036761.2897    -13.173     23.956     0.463718    -0.131990     -0.876096                      NaN         NaN     -0.0876           
408656.593     1031063.0624    -13.401     24.152     0.464584    -0.127492     -0.876303                      NaN         NaN     -0.0876           
408657.593     1025386.6193    -13.633     24.349     0.465451    -0.122942     -0.876493                      NaN         NaN     -0.0876           
408658.593     1019732.3316    -13.869     24.548     0.466317    -0.118340     -0.876667                      NaN         NaN     -0.0877           
408659.593     1014100.5772    -14.107     24.748     0.467182    -0.113684     -0.876822                      NaN         NaN     -0.0877           
408660.593     1008491.7434    -14.349     24.949     0.468047    -0.108975     -0.876959                      NaN         NaN     -0.0877           
408661.593     1002906.2205    -14.595     25.152     0.468911    -0.104212     -0.877076                      NaN         NaN     -0.0877           
408662.593      997344.4037    -14.845     25.356     0.469773    -0.099393     -0.877174                      NaN         NaN     -0.0877           
408663.593      991806.7021    -15.098     25.562     0.470634    -0.094519     -0.877252                      NaN         NaN     -0.0877           
408664.593      986293.5294    -15.355     25.769     0.471492    -0.089588     -0.877308                      NaN         NaN     -0.0877           
408665.593      980805.3062    -15.615     25.978     0.472348    -0.084601     -0.877342                      NaN         NaN     -0.0877           
408666.593      975342.4611    -15.880     26.188     0.473202    -0.079556     -0.877354                      NaN         NaN     -0.0877           
408667.593      969905.4300    -16.148     26.399     0.474053    -0.074453     -0.877343                      NaN         NaN     -0.0877           
408668.593      964494.6600    -16.421     26.612     0.474901    -0.069291     -0.877307                      NaN         NaN     -0.0877           
408669.593      959110.5959    -16.698     26.827     0.475745    -0.064070     -0.877247                      NaN         NaN     -0.0877           
408670.593      953753.7004    -16.979     27.042     0.476585    -0.058788     -0.877161                      NaN         NaN     -0.0877           
408671.593      948424.4410    -17.264     27.259     0.477420    -0.053447     -0.877048                      NaN         NaN     -0.0877           
408672.593      943123.2932    -17.554     27.478     0.478251    -0.048043     -0.876908                      NaN         NaN     -0.0877           
408673.593      937850.7406    -17.848     27.698     0.479077    -0.042579     -0.876740                      NaN         NaN     -0.0877           
408674.593      932607.2789    -18.147     27.919     0.479897    -0.037051     -0.876542                      NaN         NaN     -0.0877           
408675.593      927393.4010    -18.451     28.142     0.480711    -0.031461     -0.876314                      NaN         NaN     -0.0876           
408676.593      922209.6192    -18.759     28.366     0.481519    -0.025807     -0.876056                      NaN         NaN     -0.0876           
408677.593      917056.4508    -19.072     28.592     0.482320    -0.020089     -0.875765                      NaN         NaN     -0.0876           
408678.593      911934.4216    -19.390     28.818     0.483113    -0.014307     -0.875441                      NaN         NaN     -0.0875           
408679.593      906844.0658    -19.713     29.047     0.483899    -0.008459     -0.875083                      NaN         NaN     -0.0875           
408680.593      901785.9308    -20.041     29.276     0.484676    -0.002546     -0.874690                      NaN         NaN     -0.0875           
408681.593      896760.5601    -20.375     29.507     0.485444     0.003433     -0.874261                      NaN         NaN     -0.0874           
408682.593      891768.5186    -20.714     29.739     0.486202     0.009479     -0.873795                      NaN         NaN     -0.0874           
408683.593      886810.3755    -21.058     29.972     0.486951     0.015592     -0.873290                      NaN         NaN     -0.0873           
408684.593      881886.7092    -21.408     30.206     0.487689     0.021772     -0.872746                      NaN         NaN     -0.0873           
408685.593      876998.1069    -21.763     30.442     0.488415     0.028021     -0.872161                      NaN         NaN     -0.0872           
408686.593      872145.1691    -22.124     30.679     0.489130     0.034337     -0.871535                      NaN         NaN     -0.0872           
408687.593      867328.4920    -22.491     30.917     0.489832     0.040722     -0.870865                      NaN         NaN     -0.0871           
408688.593      862548.6939    -22.864     31.156     0.490521     0.047176     -0.870152                      NaN         NaN     -0.0870           
408689.593      857806.3977    -23.244     31.396     0.491196     0.053700     -0.869392                      NaN         NaN     -0.0869           
408690.593      853102.2368    -23.629     31.638     0.491857     0.060292     -0.868586                      NaN         NaN     -0.0869           
408691.593      848436.8480    -24.021     31.880     0.492502     0.066955     -0.867732                      NaN         NaN     -0.0868           
408692.593      843810.8825    -24.419     32.123     0.493131     0.073687     -0.866828                      NaN         NaN     -0.0867           
408793.570      699577.9192   -100.330     41.559     0.340805     0.866165     -0.365527                  -0.0433         NaN         NaN           
408794.570      702021.3033   -101.076     41.351     0.337080     0.870879     -0.357697                  -0.0435         NaN         NaN           
408795.570      704534.5546   -101.812     41.139     0.333348     0.875475     -0.349890                  -0.0438         NaN         NaN           
408796.570      707116.9252   -102.538     40.924     0.329608     0.879954     -0.342109                  -0.0440         NaN         NaN           
408797.570      709767.6575   -103.253     40.705     0.325864     0.884318     -0.334357                  -0.0442         NaN         NaN           
408798.570      712485.9854   -103.959     40.483     0.322116     0.888566     -0.326636                  -0.0444         NaN         NaN           
408799.570      715271.1350   -104.655     40.258     0.318366     0.892701     -0.318948                  -0.0446         NaN         NaN           
408800.570      718122.3355   -105.340     40.030     0.314616     0.896723     -0.311295                  -0.0448         NaN         NaN           
408801.570      721038.7801   -106.015     39.799     0.310865     0.900634     -0.303680                  -0.0450         NaN         NaN           
408802.570      724019.6866   -106.680     39.566     0.307117     0.904434     -0.296104                  -0.0452         NaN         NaN           
408803.570      727064.2587   -107.336     39.331     0.303372     0.908126     -0.288569                  -0.0454         NaN         NaN           
408804.570      730171.6963   -107.981     39.093     0.299632     0.911711     -0.281077                  -0.0456         NaN         NaN           
408805.570      733341.1966   -108.617     38.854     0.295897     0.915190     -0.273629                  -0.0458         NaN         NaN           
408806.570      736571.9644   -109.242     38.612     0.292169     0.918564     -0.266228                  -0.0459         NaN         NaN           
408807.570      739863.1735   -109.858     38.369     0.288450     0.921835     -0.258875                  -0.0461         NaN         NaN           
408808.570      743214.0268   -110.464     38.125     0.284739     0.925006     -0.251571                  -0.0463         NaN         NaN           
408809.570      746623.7171   -111.061     37.879     0.281039     0.928076     -0.244318                  -0.0464         NaN         NaN           
408810.570      750091.4366   -111.648     37.632     0.277350     0.931049     -0.237117                  -0.0466         NaN         NaN           
408811.570      753616.3829   -112.226     37.384     0.273673     0.933926     -0.229969                  -0.0467         NaN         NaN           
408812.570      757197.7609   -112.795     37.135     0.270009     0.936708     -0.222875                  -0.0468         NaN         NaN           
408813.570      760834.7497   -113.354     36.885     0.266360     0.939397     -0.215837                  -0.0470         NaN         NaN           
408814.570      764526.5610   -113.905     36.634     0.262725     0.941995     -0.208855                  -0.0471         NaN         NaN           
408815.570      768272.4001   -114.446     36.383     0.259106     0.944504     -0.201931                  -0.0472         NaN         NaN           
408816.570      772071.4759   -114.979     36.132     0.255504     0.946925     -0.195065                  -0.0473         NaN         NaN           
408817.570      775923.0020   -115.503     35.880     0.251919     0.949261     -0.188258                  -0.0475         NaN         NaN           
408818.570      779826.1964   -116.019     35.628     0.248352     0.951512     -0.181510                  -0.0476         NaN         NaN           
408819.570      783780.2924   -116.526     35.376     0.244804     0.953681     -0.174823                  -0.0477         NaN         NaN           
408820.570      787784.4990   -117.025     35.123     0.241275     0.955770     -0.168197                  -0.0478         NaN         NaN           
408821.570      791838.0609   -117.515     34.871     0.237765     0.957780     -0.161632                  -0.0479         NaN         NaN           
408822.570      795940.2191   -117.998     34.619     0.234277     0.959713     -0.155130                  -0.0480         NaN         NaN           
408823.570      800090.2210   -118.473     34.367     0.230809     0.961571     -0.148689                  -0.0481         NaN         NaN           
408824.570      804287.3211   -118.940     34.116     0.227363     0.963355     -0.142311                  -0.0482         NaN         NaN           
408825.570      808530.7905   -119.399     33.865     0.223939     0.965068     -0.135996                  -0.0483         NaN         NaN           
408826.570      812819.8783   -119.851     33.614     0.220537     0.966711     -0.129745                  -0.0483         NaN         NaN           
408827.570      817153.8706   -120.295     33.364     0.217158     0.968285     -0.123557                  -0.0484         NaN         NaN           
408828.570      821532.0514   -120.732     33.114     0.213803     0.969793     -0.117432                  -0.0485         NaN         NaN           
408829.570      825953.7127   -121.162     32.866     0.210471     0.971236     -0.111371                  -0.0486         NaN         NaN           
408830.570      830418.1544   -121.585     32.618     0.207162     0.972615     -0.105374                  -0.0486         NaN         NaN           
408831.570      834924.6945   -122.001     32.370     0.203878     0.973933     -0.099440                  -0.0487         NaN         NaN           
408832.570      839472.6303   -122.410     32.124     0.200618     0.975191     -0.093570                  -0.0488         NaN         NaN           
408833.570      844061.2965   -122.813     31.879     0.197383     0.976390     -0.087764                  -0.0488         NaN         NaN           
408834.570      848690.0269   -123.209     31.634     0.194173     0.977532     -0.082021                  -0.0489         NaN         NaN           
408835.570      853358.1638   -123.598     31.390     0.190988     0.978619     -0.076341                  -0.0489         NaN         NaN           
408836.570      858065.0584   -123.982     31.148     0.187827     0.979652     -0.070725                  -0.0490         NaN         NaN           
408837.570      862810.0801   -124.359     30.906     0.184693     0.980633     -0.065172                  -0.0490         NaN         NaN           
408838.570      867592.5785   -124.730     30.666     0.181584     0.981563     -0.059681                  -0.0491         NaN         NaN           
408839.570      872411.9408   -125.095     30.427     0.178500     0.982443     -0.054253                  -0.0491         NaN         NaN           
408840.570      877267.5515   -125.454     30.189     0.175442     0.983275     -0.048887                  -0.0492         NaN         NaN           
408841.570      882158.8100   -125.808     29.952     0.172410     0.984061     -0.043584                  -0.0492         NaN         NaN           
408842.570      887085.1187   -126.156     29.716     0.169403     0.984801     -0.038341                  -0.0492         NaN         NaN           
408843.570      892045.8908   -126.499     29.482     0.166422     0.985497     -0.033160                  -0.0493         NaN         NaN           
408844.570      897040.5578   -126.836     29.249     0.163468     0.986150     -0.028040                  -0.0493         NaN         NaN           
408845.570      902068.5318   -127.167     29.017     0.160539     0.986762     -0.022981                  -0.0493         NaN         NaN           
408846.570      907129.2621   -127.494     28.787     0.157635     0.987334     -0.017981                  -0.0494         NaN         NaN           
408847.570      912222.1973   -127.816     28.558     0.154758     0.987866     -0.013041                  -0.0494         NaN         NaN           
408848.570      917346.7946   -128.132     28.330     0.151906     0.988361     -0.008161                  -0.0494         NaN         NaN           
408849.570      922502.5201   -128.444     28.104     0.149080     0.988819     -0.003339                  -0.0494         NaN         NaN           
408850.570      927688.8578   -128.750     27.879     0.146280     0.989242      0.001425                  -0.0495         NaN         NaN           
408851.570      932905.2720   -129.053     27.655     0.143505     0.989631      0.006131                  -0.0495         NaN         NaN           
408852.570      938151.2640   -129.350     27.433     0.140756     0.989986      0.010779                  -0.0495         NaN         NaN           
408853.570      943426.3337   -129.643     27.212     0.138031     0.990309      0.015371                  -0.0495         NaN         NaN           
408854.570      948729.9896   -129.931     26.993     0.135333     0.990600      0.019907                  -0.0495         NaN         NaN           
408855.570      954061.7485   -130.215     26.775     0.132659     0.990862      0.024386                  -0.0495         NaN         NaN           
408856.570      959421.1443   -130.495     26.558     0.130010     0.991094      0.028811                  -0.0496         NaN         NaN           
408857.570      964807.6916   -130.771     26.343     0.127387     0.991298      0.033180                  -0.0496         NaN         NaN           
408858.570      970220.9406   -131.042     26.129     0.124788     0.991475      0.037496                  -0.0496         NaN         NaN           
408859.570      975660.4401   -131.310     25.917     0.122213     0.991625      0.041757                  -0.0496         NaN         NaN           
408860.570      981125.7467   -131.573     25.706     0.119663     0.991750      0.045966                  -0.0496         NaN         NaN           
408861.570      986616.4248   -131.833     25.497     0.117137     0.991850      0.050122                  -0.0496         NaN         NaN           
408862.570      992132.0555   -132.089     25.289     0.114636     0.991926      0.054226                  -0.0496         NaN         NaN           
408863.570      997672.2000   -132.341     25.083     0.112158     0.991980      0.058279                  -0.0496         NaN         NaN           
408864.570     1003236.4542   -132.590     24.878     0.109704     0.992011      0.062281                  -0.0496         NaN         NaN           
408865.570     1008824.4123   -132.834     24.674     0.107274     0.992021      0.066232                  -0.0496         NaN         NaN           
408866.570     1014435.6756   -133.076     24.472     0.104867     0.992010      0.070134                  -0.0496         NaN         NaN           
408867.570     1020069.8527   -133.314     24.272     0.102483     0.991979      0.073986                  -0.0496         NaN         NaN           
408868.570     1025726.5588   -133.548     24.072     0.100122     0.991930      0.077790                  -0.0496         NaN         NaN           
408869.570     1031405.4252   -133.779     23.875     0.097785     0.991861      0.081546                  -0.0496         NaN         NaN           
408870.570     1037106.0607   -134.007     23.678     0.095469     0.991775      0.085254                  -0.0496         NaN         NaN           
408871.570     1042828.1148   -134.232     23.483     0.093177     0.991671      0.088915                  -0.0496         NaN         NaN           
408872.570     1048571.2272   -134.453     23.290     0.090906     0.991552      0.092529                  -0.0496         NaN         NaN           
408873.570     1054335.0468   -134.672     23.097     0.088658     0.991416      0.096098                  -0.0496         NaN         NaN           
408874.570     1060119.2287   -134.887     22.907     0.086431     0.991264      0.099621                  -0.0496         NaN         NaN           
408875.570     1065923.4429   -135.099     22.717     0.084226     0.991099      0.103100                  -0.0496         NaN         NaN           
408876.570     1071747.3392   -135.309     22.529     0.082042     0.990919      0.106534                  -0.0495         NaN         NaN           
408877.570     1077590.6000   -135.516     22.342     0.079880     0.990725      0.109924                  -0.0495         NaN         NaN           
408878.570     1083452.9047   -135.719     22.157     0.077739     0.990518      0.113272                  -0.0495         NaN         NaN           
408879.570     1089333.9386   -135.920     21.973     0.075618     0.990299      0.116576                  -0.0495         NaN         NaN           
408880.570     1095233.3925   -136.119     21.790     0.073518     0.990068      0.119839                  -0.0495         NaN         NaN           
408881.570     1101150.9718   -136.314     21.609     0.071439     0.989825      0.123060                  -0.0495         NaN         NaN           
408882.570     1107086.3611   -136.508     21.429     0.069379     0.989571      0.126240                  -0.0495         NaN         NaN           
408883.570     1113039.2768   -136.698     21.250     0.067340     0.989306      0.129379                  -0.0495         NaN         NaN           
408884.570     1119009.4317   -136.886     21.073     0.065320     0.989031      0.132478                  -0.0495         NaN         NaN           
408885.570     1124996.5438   -137.072     20.897     0.063320     0.988747      0.135538                  -0.0494         NaN         NaN           
408886.570     1131000.3365   -137.255     20.722     0.061339     0.988453      0.138558                  -0.0494         NaN         NaN           
408887.570     1137020.5379   -137.435     20.549     0.059378     0.988150      0.141540                  -0.0494         NaN         NaN           
408888.570     1143056.8899   -137.614     20.376     0.057435     0.987839      0.144484                  -0.0494         NaN         NaN           
408889.570     1149109.1134   -137.790     20.205     0.055511     0.987519      0.147391                  -0.0494         NaN         NaN           
408890.570     1155176.9599   -137.964     20.036     0.053606     0.987192      0.150260                  -0.0494         NaN         NaN           
408891.570     1161260.1768   -138.135     19.867     0.051718     0.986858      0.153092                  -0.0493         NaN         NaN           

