414167.130     1004910.9581      7.527     25.386     0.233083    -0.422844     -0.875714                      NaN         NaN     -0.0876           
414168.130      998509.5638      7.466     25.623     0.233151    -0.420670     -0.876742                      NaN         NaN     -0.0877           
414169.130      992121.7966      7.404     25.863     0.233213    -0.418453     -0.877787                      NaN         NaN     -0.0878           
414170.130      985747.9300      7.341     26.106     0.233269    -0.416190     -0.878847                      NaN         NaN     -0.0879           
414171.130      979388.2438      7.277     26.351     0.233319    -0.413881     -0.879923                      NaN         NaN     -0.0880           
414172.130      973043.0235      7.211     26.599     0.233362    -0.411526     -0.881015                      NaN         NaN     -0.0881           
414173.130      966712.5650      7.145     26.850     0.233400    -0.409123     -0.882124                      NaN         NaN     -0.0882           
414174.130      960397.1674      7.077     27.103     0.233430    -0.406672     -0.883249                      NaN         NaN     -0.0883           
414175.130      954097.1383      7.008     27.360     0.233454    -0.404171     -0.884390                      NaN         NaN     -0.0884           
414176.130      947812.7926      6.937     27.619     0.233471    -0.401620     -0.885547                      NaN         NaN     -0.0886           
414177.130      941544.4528      6.866     27.882     0.233480    -0.399017     -0.886720                      NaN         NaN     -0.0887           
414178.130      935292.4481      6.792     28.147     0.233482    -0.396361     -0.887910                      NaN         NaN     -0.0888           
414179.130      929057.1189      6.718     28.416     0.233476    -0.393652     -0.889116                      NaN         NaN     -0.0889           
414180.130      922838.8160      6.642     28.687     0.233462    -0.390888     -0.890338                      NaN         NaN     -0.0890           
414181.130      916637.8861      6.564     28.962     0.233440    -0.388069     -0.891576                      NaN         NaN     -0.0892           
414182.130      910454.6923      6.485     29.240     0.233410    -0.385192     -0.892831                      NaN         NaN     -0.0893           
414183.130      904289.6099      6.404     29.522     0.233371    -0.382258     -0.894101                      NaN         NaN     -0.0894           
414184.130      898143.0189      6.322     29.806     0.233322    -0.379264     -0.895388                      NaN         NaN     -0.0895           
414185.130      892015.3121      6.238     30.095     0.233265    -0.376210     -0.896690                      NaN         NaN     -0.0897           
414186.130      885906.8887      6.152     30.386     0.233198    -0.373095     -0.898008                      NaN         NaN     -0.0898           
414187.130      879818.1584      6.065     30.681     0.233121    -0.369917     -0.899342                      NaN         NaN     -0.0899           
414188.130      873749.5413      5.976     30.980     0.233034    -0.366675     -0.900691                      NaN         NaN     -0.0901           
414189.130      867701.4676      5.884     31.283     0.232936    -0.363367     -0.902056                      NaN         NaN     -0.0902           
414190.130      861674.3781      5.791     31.589     0.232827    -0.359993     -0.903436                      NaN         NaN     -0.0903           
414191.130      855668.7234      5.696     31.899     0.232708    -0.356551     -0.904831                      NaN         NaN     -0.0905           
414192.130      849684.9682      5.599     32.213     0.232577    -0.353040     -0.906240                      NaN         NaN     -0.0906           
414193.130      843723.5855      5.499     32.530     0.232434    -0.349458     -0.907664                      NaN         NaN     -0.0908           
414194.130      837785.0612      5.397     32.852     0.232279    -0.345804     -0.909102                      NaN         NaN     -0.0909           
414195.130      831869.8927      5.294     33.177     0.232111    -0.342077     -0.910554                      NaN         NaN     -0.0911           
414196.130      825978.5899      5.187     33.507     0.231930    -0.338274     -0.912019                      NaN         NaN     -0.0912           
414197.130      820111.6744      5.079     33.841     0.231736    -0.334396     -0.913498                      NaN         NaN     -0.0913           
414198.130      814269.6830      4.967     34.179     0.231528    -0.330439     -0.914989                      NaN         NaN     -0.0915           
414199.130      808453.1632      4.854     34.522     0.231306    -0.326403     -0.916492                      NaN         NaN     -0.0916           
414200.130      802662.6766      4.737     34.868     0.231070    -0.322286     -0.918008                      NaN         NaN     -0.0918           
414201.130      796898.7987      4.618     35.220     0.230818    -0.318087     -0.919535                      NaN         NaN     -0.0920           
414202.130      791162.1189      4.496     35.575     0.230550    -0.313803     -0.921072                      NaN         NaN     -0.0921           
414203.130      785453.2404      4.370     35.936     0.230267    -0.309434     -0.922620                      NaN         NaN     -0.0923           
414204.130      779772.7830      4.242     36.301     0.229967    -0.304978     -0.924177                      NaN         NaN     -0.0924           
414205.130      774121.3794      4.111     36.670     0.229650    -0.300432     -0.925744                      NaN         NaN     -0.0926           
414206.130      768499.6784      3.976     37.045     0.229315    -0.295796     -0.927318                      NaN         NaN     -0.0927           
414207.130      762908.3444      3.838     37.424     0.228962    -0.291068     -0.928900                      NaN         NaN     -0.0929           
414208.130      757348.0576      3.696     37.808     0.228590    -0.286245     -0.930489                      NaN         NaN     -0.0930           
414209.130      751819.5139      3.551     38.198     0.228199    -0.281327     -0.932084                      NaN         NaN     -0.0932           
414210.130      746323.4324      3.402     38.592     0.227789    -0.276312     -0.933683                      NaN         NaN     -0.0934           
414211.130      740860.5356      3.248     38.991     0.227358    -0.271197     -0.935286                      NaN         NaN     -0.0935           
414212.130      735431.5700      3.091     39.396     0.226905    -0.265981     -0.936893                      NaN         NaN     -0.0937           
414213.130      730037.3028      2.929     39.806     0.226432    -0.260662     -0.938501                      NaN         NaN     -0.0939           
414214.130      724678.5163      2.763     40.221     0.225935    -0.255239     -0.940110                      NaN         NaN     -0.0940           
414215.130      719356.0110      2.592     40.642     0.225416    -0.249710     -0.941718                      NaN         NaN     -0.0942           
414216.130      714070.6052      2.417     41.068     0.224873    -0.244072     -0.943324                      NaN         NaN     -0.0943           
414217.130      708823.1369      2.236     41.500     0.224306    -0.238325     -0.944928                      NaN         NaN     -0.0945           
414218.130      703614.4618      2.050     41.937     0.223714    -0.232466     -0.946526                      NaN         NaN     -0.0947           
414219.130      698445.4550      1.859     42.380     0.223095    -0.226493     -0.948119                      NaN         NaN     -0.0948           
414220.130      693317.0111      1.661     42.829     0.222451    -0.220406     -0.949704                      NaN         NaN     -0.0950           
414221.130      688230.0439      1.458     43.284     0.221779    -0.214201     -0.951279                      NaN         NaN     -0.0951           
414222.130      683185.4870      1.249     43.744     0.221078    -0.207878     -0.952844                      NaN         NaN     -0.0953           
414223.130      678184.2942      1.033     44.211     0.220349    -0.201434     -0.954395                      NaN         NaN     -0.0954           
414224.130      673227.4386      0.810     44.683     0.219590    -0.194869     -0.955932                      NaN         NaN     -0.0956           
414225.130      668315.9139      0.580     45.162     0.218801    -0.188180     -0.957452                      NaN         NaN     -0.0957           
414226.130      663450.7336      0.343     45.646     0.217980    -0.181365     -0.958953                      NaN         NaN     -0.0959           
414227.130      658632.9317      0.098     46.137     0.217127    -0.174423     -0.960433                      NaN         NaN     -0.0960           
414228.130      653863.5622     -0.156     46.634     0.216241    -0.167354     -0.961890                      NaN         NaN     -0.0962           
414229.130      649143.6995     -0.418     47.136     0.215321    -0.160154     -0.963321                      NaN         NaN     -0.0963           
414230.130      644474.4379     -0.689     47.646     0.214367    -0.152823     -0.964724                      NaN         NaN     -0.0965           
414231.130      639856.8918     -0.969     48.161     0.213376    -0.145359     -0.966096                      NaN         NaN     -0.0966           
414232.130      635292.1954     -1.260     48.683     0.212349    -0.137761     -0.967435                      NaN         NaN     -0.0967           
414233.130      630781.5026     -1.561     49.210     0.211284    -0.130028     -0.968737                      NaN         NaN     -0.0969           
414234.131      626325.9867     -1.873     49.744     0.210181    -0.122159     -0.970001                      NaN         NaN     -0.0970           
414235.131      621926.8401     -2.197     50.285     0.209038    -0.114153     -0.971222                      NaN         NaN     -0.0971           
414236.131      617585.2731     -2.533     50.831     0.207856    -0.106009     -0.972398                      NaN         NaN     -0.0972           
414237.131      613302.5152     -2.882     51.384     0.206632    -0.097726     -0.973526                      NaN         NaN     -0.0974           
414238.131      609079.8130     -3.245     51.943     0.205365    -0.089303     -0.974603                      NaN         NaN     -0.0975           
414239.131      604918.4304     -3.622     52.508     0.204056    -0.080740     -0.975624                      NaN         NaN     -0.0976           
414240.131      600819.6509     -4.015     53.079     0.202703    -0.072036     -0.976587                      NaN         NaN     -0.0977           
414241.131      596784.7656     -4.424     53.656     0.201305    -0.063192     -0.977488                      NaN         NaN     -0.0977           
414242.131      592815.0840     -4.850     54.238     0.199861    -0.054207     -0.978324                      NaN         NaN     -0.0978           
414243.131      588911.9328     -5.294     54.827     0.198371    -0.045081     -0.979090                      NaN         NaN     -0.0979           
414244.131      585076.6491     -5.758     55.421     0.196833    -0.035814     -0.979783                      NaN         NaN     -0.0980           
414245.131      581310.5820     -6.242     56.020     0.195247    -0.026407     -0.980399                      NaN         NaN     -0.0980           
414246.131      577615.0908     -6.749     56.625     0.193611    -0.016861     -0.980933                      NaN         NaN     -0.0981           
414247.131      573991.5450     -7.278     57.235     0.191926    -0.007177     -0.981383                      NaN         NaN     -0.0981           
414248.131      570441.3194     -7.833     57.850     0.190190     0.002645     -0.981744                      NaN         NaN     -0.0982           
414249.131      566965.7975     -8.414     58.469     0.188403     0.012603     -0.982011                      NaN         NaN     -0.0982           
414250.131      563566.3664     -9.024     59.093     0.186563     0.022696     -0.982181                      NaN         NaN     -0.0982           
414251.131      560244.4164     -9.664     59.720     0.184671     0.032922     -0.982249                      NaN         NaN     -0.0982           
414252.131      557001.3388    -10.337     60.352     0.182726     0.043278     -0.982211                      NaN         NaN     -0.0982           
414253.131      553838.5241    -11.045     60.986     0.180727     0.053763     -0.982063                      NaN         NaN     -0.0982           
414254.131      550757.3608    -11.790     61.624     0.178673     0.064374     -0.981800                      NaN         NaN     -0.0982           
414255.131      547759.2295    -12.575     62.264     0.176565     0.075108     -0.981419                      NaN         NaN     -0.0981           
414256.131      544845.5065    -13.404     62.905     0.174402     0.085962     -0.980915                      NaN         NaN     -0.0981           
414257.131      542017.5576    -14.279     63.548     0.172183     0.096932     -0.980284                      NaN         NaN     -0.0980           
414258.131      539276.7365    -15.204     64.191     0.169908     0.108014     -0.979522                      NaN         NaN     -0.0980           
414259.131      536624.3826    -16.183     64.834     0.167578     0.119206     -0.978625                      NaN         NaN     -0.0979           
414260.131      534061.8196    -17.220     65.476     0.165192     0.130502     -0.977589                      NaN         NaN     -0.0978           
414261.131      531590.3472    -18.319     66.117     0.162750     0.141897     -0.976410                      NaN         NaN     -0.0976           
414262.131      529211.2469    -19.487     66.754     0.160253     0.153388     -0.975085                      NaN         NaN     -0.0975           
414263.131      526925.7739    -20.727     67.388     0.157700     0.164968     -0.973610                      NaN         NaN     -0.0974           
414264.131      524735.1552    -22.046     68.016     0.155092     0.176632     -0.971981                      NaN         NaN     -0.0972           
414265.131      522640.5871    -23.450     68.638     0.152429     0.188374     -0.970196                      NaN         NaN     -0.0970           
414266.131      520643.2342    -24.946     69.251     0.149712     0.200188     -0.968252                      NaN         NaN     -0.0968           
414267.131      518744.2192    -26.540     69.856     0.146941     0.212069     -0.966144                      NaN         NaN     -0.0966           
414268.131      516944.6309    -28.239     70.449     0.144117     0.224009     -0.963873                      NaN         NaN     -0.0964           
414269.131      515245.5142    -30.052     71.028     0.141241     0.236001     -0.961434                      NaN         NaN     -0.0961           
414270.131      513647.8705    -31.986     71.592     0.138314     0.248039     -0.958825                      NaN         NaN     -0.0959           
414271.131      512152.6501    -34.049     72.138     0.135336     0.260115     -0.956046                      NaN         NaN     -0.0956           
414272.131      510760.7553    -36.247     72.664     0.132310     0.272222     -0.953095                      NaN         NaN     -0.0953           
414273.131      509473.0385    -38.588     73.166     0.129235     0.284351     -0.949970                      NaN         NaN     -0.0950           
414274.131      508290.2897    -41.077     73.642     0.126114     0.296496     -0.946671                      NaN         NaN     -0.0947           
414275.131      507213.2476    -43.718     74.089     0.122949     0.308648     -0.943197                      NaN         NaN     -0.0943           
414276.131      506242.5891    -46.514     74.503     0.119739     0.320800     -0.939548                      NaN         NaN     -0.0940           
414277.131      505378.9294    -49.464     74.882     0.116488     0.332942     -0.935724                      NaN         NaN     -0.0936           
414278.131      504622.8196    -52.563     75.221     0.113197     0.345068     -0.931727                      NaN         NaN     -0.0932           
414279.131      503974.7481    -55.805     75.517     0.109868     0.357168     -0.927556                      NaN         NaN     -0.0928           
414280.131      503435.1291    -59.177     75.767     0.106502     0.369234     -0.923214                      NaN         NaN     -0.0923           
414281.131      503004.3153    -62.662     75.969     0.103103     0.381258     -0.918701                      NaN         NaN     -0.0919           
414282.131      502682.5881    -66.239     76.119     0.099671     0.393232     -0.914021                      NaN         NaN     -0.0914           
414283.131      502470.1582    -69.883     76.215     0.096209     0.405148     -0.909175                      NaN         NaN     -0.0909           
414284.131      502367.1653    -73.565     76.258     0.092719     0.416998     -0.904166                      NaN         NaN     -0.0904           
414285.131      502373.6804    -77.256     76.245     0.089204     0.428774     -0.898997                      NaN         NaN     -0.0899           
414286.131      502489.6948    -80.925     76.177     0.085665     0.440467     -0.893672                      NaN         NaN     -0.0894           
414287.131      502715.1361    -84.542     76.055     0.082106     0.452072     -0.888195                      NaN         NaN     -0.0888           
414288.131      503049.8576    -88.081     75.881     0.078528     0.463579     -0.882569                      NaN         NaN     -0.0883           
414289.131      503493.6418    -91.518     75.656     0.074934     0.474982     -0.876799                      NaN         NaN     -0.0877           
414290.131      504046.2009    -94.834     75.384     0.071327     0.486274     -0.870890                      NaN         NaN     -0.0871           
414346.131      678825.5275   -150.309     43.863    -0.098342     0.867188     -0.488174                  -0.0434         NaN         NaN           
414347.131      683833.9630   -150.523     43.397    -0.100376     0.870041     -0.482652                  -0.0435         NaN         NaN           
414348.131      688885.6961   -150.729     42.937    -0.102376     0.872804     -0.477212                  -0.0436         NaN         NaN           
414349.131      693979.7674   -150.930     42.482    -0.104343     0.875481     -0.471854                  -0.0438         NaN         NaN           
414350.131      699115.2496   -151.125     42.034    -0.106277     0.878073     -0.466576                  -0.0439         NaN         NaN           
414351.131      704291.2310   -151.314     41.591    -0.108179     0.880583     -0.461379                  -0.0440         NaN         NaN           
414352.131      709506.8194   -151.498     41.154    -0.110049     0.883014     -0.456263                  -0.0442         NaN         NaN           
414353.131      714761.1418   -151.677     40.723    -0.111887     0.885368     -0.451227                  -0.0443         NaN         NaN           
414354.131      720053.3484   -151.850     40.297    -0.113695     0.887647     -0.446270                  -0.0444         NaN         NaN           
414355.131      725382.5958   -152.019     39.876    -0.115472     0.889853     -0.441393                  -0.0445         NaN         NaN           
414356.131      730748.0716   -152.184     39.461    -0.117219     0.891989     -0.436596                  -0.0446         NaN         NaN           
414357.131      736148.9774   -152.344     39.052    -0.118936     0.894057     -0.431876                  -0.0447         NaN         NaN           
414358.131      741584.5330   -152.499     38.648    -0.120625     0.896058     -0.427235                  -0.0448         NaN         NaN           
414359.131      747053.9757   -152.651     38.248    -0.122286     0.897995     -0.422670                  -0.0449         NaN         NaN           
414360.131      752556.5557   -152.799     37.855    -0.123918     0.899871     -0.418183                  -0.0450         NaN         NaN           
414361.131      758091.5561   -152.943     37.466    -0.125523     0.901686     -0.413771                  -0.0451         NaN         NaN           
414362.131      763658.2577   -153.083     37.082    -0.127101     0.903442     -0.409435                  -0.0452         NaN         NaN           
414363.131      769255.9673   -153.220     36.703    -0.128653     0.905142     -0.405174                  -0.0453         NaN         NaN           
414364.131      774884.0066   -153.354     36.329    -0.130179     0.906787     -0.400986                  -0.0453         NaN         NaN           
414365.131      780541.7131   -153.484     35.959    -0.131679     0.908379     -0.396872                  -0.0454         NaN         NaN           
414366.131      786228.4395   -153.611     35.595    -0.133154     0.909920     -0.392830                  -0.0455         NaN         NaN           
414367.131      791943.5585   -153.735     35.235    -0.134605     0.911411     -0.388860                  -0.0456         NaN         NaN           
414368.131      797686.4448   -153.856     34.879    -0.136032     0.912853     -0.384961                  -0.0456         NaN         NaN           
414369.131      803456.5005   -153.975     34.529    -0.137435     0.914248     -0.381132                  -0.0457         NaN         NaN           
414370.131      809253.1377   -154.090     34.182    -0.138815     0.915599     -0.377372                  -0.0458         NaN         NaN           
414371.131      815075.7824   -154.203     33.840    -0.140172     0.916905     -0.373680                  -0.0458         NaN         NaN           
414372.131      820923.8746   -154.314     33.502    -0.141506     0.918169     -0.370057                  -0.0459         NaN         NaN           
414373.131      826796.8715   -154.422     33.169    -0.142819     0.919392     -0.366500                  -0.0460         NaN         NaN           
414374.131      832694.2311   -154.527     32.839    -0.144111     0.920574     -0.363009                  -0.0460         NaN         NaN           
414375.131      838615.4367   -154.630     32.514    -0.145381     0.921718     -0.359583                  -0.0461         NaN         NaN           
414376.131      844559.9797   -154.731     32.193    -0.146630     0.922825     -0.356221                  -0.0461         NaN         NaN           
414377.131      850527.3639   -154.830     31.875    -0.147860     0.923895     -0.352923                  -0.0462         NaN         NaN           
414378.131      856517.1048   -154.927     31.562    -0.149069     0.924931     -0.349688                  -0.0462         NaN         NaN           
414379.131      862528.7297   -155.022     31.252    -0.150259     0.925932     -0.346514                  -0.0463         NaN         NaN           
414380.131      868561.7813   -155.114     30.946    -0.151430     0.926900     -0.343401                  -0.0463         NaN         NaN           
414381.131      874615.8008   -155.205     30.644    -0.152582     0.927837     -0.340349                  -0.0464         NaN         NaN           
414382.131      880690.3529   -155.294     30.346    -0.153716     0.928743     -0.337355                  -0.0464         NaN         NaN           
414383.131      886785.0084   -155.381     30.051    -0.154832     0.929618     -0.334421                  -0.0465         NaN         NaN           
414384.131      892899.3485   -155.466     29.759    -0.155930     0.930465     -0.331544                  -0.0465         NaN         NaN           
414385.131      899032.9643   -155.550     29.471    -0.157010     0.931283     -0.328723                  -0.0466         NaN         NaN           
414386.131      905185.4610   -155.632     29.187    -0.158074     0.932075     -0.325959                  -0.0466         NaN         NaN           
414387.131      911356.4406   -155.712     28.906    -0.159121     0.932840     -0.323250                  -0.0466         NaN         NaN           
414388.131      917545.5271   -155.791     28.628    -0.160152     0.933579     -0.320596                  -0.0467         NaN         NaN           
414389.131      923752.3492   -155.868     28.353    -0.161166     0.934294     -0.317995                  -0.0467         NaN         NaN           
414390.131      929976.5390   -155.944     28.082    -0.162165     0.934984     -0.315447                  -0.0467         NaN         NaN           
414391.131      936217.7506   -156.018     27.814    -0.163148     0.935652     -0.312951                  -0.0468         NaN         NaN           
414392.131      942475.6429   -156.091     27.548    -0.164117     0.936297     -0.310507                  -0.0468         NaN         NaN           
414393.131      948749.8676   -156.163     27.286    -0.165070     0.936920     -0.308113                  -0.0468         NaN         NaN           
414394.131      955040.0992   -156.233     27.027    -0.166009     0.937521     -0.305769                  -0.0469         NaN         NaN           
414395.131      961346.0162   -156.302     26.771    -0.166934     0.938103     -0.303474                  -0.0469         NaN         NaN           
414396.131      967667.3045   -156.370     26.517    -0.167844     0.938664     -0.301227                  -0.0469         NaN         NaN           
414397.131      974003.6571   -156.436     26.267    -0.168741     0.939206     -0.299029                  -0.0470         NaN         NaN           
414398.131      980354.7746   -156.502     26.019    -0.169624     0.939730     -0.296877                  -0.0470         NaN         NaN           
414399.131      986720.3684   -156.566     25.774    -0.170494     0.940235     -0.294771                  -0.0470         NaN         NaN           
414400.131      993100.1444   -156.629     25.532    -0.171351     0.940723     -0.292711                  -0.0470         NaN         NaN           
414401.131      999493.8274   -156.691     25.292    -0.172196     0.941193     -0.290696                  -0.0471         NaN         NaN           
414402.131     1005901.1447   -156.751     25.055    -0.173028     0.941647     -0.288725                  -0.0471         NaN         NaN           
414403.131     1012321.8297   -156.811     24.821    -0.173847     0.942085     -0.286797                  -0.0471         NaN         NaN           
414404.131     1018755.6220   -156.870     24.589    -0.174655     0.942508     -0.284913                  -0.0471         NaN         NaN           
414405.131     1025202.2714   -156.928     24.359    -0.175450     0.942915     -0.283070                  -0.0471         NaN         NaN           
414406.131     1031661.5209   -156.984     24.132    -0.176234     0.943307     -0.281270                  -0.0472         NaN         NaN           
414407.131     1038133.1317   -157.040     23.907    -0.177007     0.943686     -0.279510                  -0.0472         NaN         NaN           
414408.131     1044616.8663   -157.095     23.685    -0.177768     0.944050     -0.277790                  -0.0472         NaN         NaN           
414409.131     1051112.4926   -157.149     23.465    -0.178519     0.944401     -0.276111                  -0.0472         NaN         NaN           
414410.131     1057619.7837   -157.202     23.247    -0.179259     0.944739     -0.274470                  -0.0472         NaN         NaN           
414411.131     1064138.5220   -157.254     23.032    -0.179988     0.945065     -0.272868                  -0.0473         NaN         NaN           
414412.131     1070668.4825   -157.306     22.819    -0.180706     0.945378     -0.271304                  -0.0473         NaN         NaN           
414413.131     1077209.4572   -157.356     22.608    -0.181415     0.945679     -0.269778                  -0.0473         NaN         NaN           
414414.131     1083761.2390   -157.406     22.399    -0.182113     0.945968     -0.268288                  -0.0473         NaN         NaN           
414415.131     1090323.6251   -157.455     22.192    -0.182802     0.946247     -0.266834                  -0.0473         NaN         NaN           
414416.131     1096896.4173   -157.503     21.987    -0.183481     0.946514     -0.265417                  -0.0473         NaN         NaN           
414417.131     1103479.4260   -157.551     21.785    -0.184150     0.946771     -0.264034                  -0.0473         NaN         NaN           
414418.131     1110072.4533   -157.597     21.584    -0.184810     0.947017     -0.262686                  -0.0474         NaN         NaN           
414419.131     1116675.3179   -157.643     21.385    -0.185461     0.947253     -0.261373                  -0.0474         NaN         NaN           
414420.131     1123287.8327   -157.688     21.189    -0.186103     0.947480     -0.260092                  -0.0474         NaN         NaN           
414421.131     1129909.8286   -157.733     20.994    -0.186736     0.947696     -0.258846                  -0.0474         NaN         NaN           
414422.131     1136541.1292   -157.777     20.801    -0.187360     0.947904     -0.257631                  -0.0474         NaN         NaN           
414423.131     1143181.5647   -157.820     20.610    -0.187976     0.948103     -0.256449                  -0.0474         NaN         NaN           
414424.131     1149830.9729   -157.863     20.420    -0.188583     0.948293     -0.255299                  -0.0474         NaN         NaN           
414425.131     1156489.1829   -157.905     20.233    -0.189182     0.948474     -0.254180                  -0.0474         NaN         NaN           
414426.131     1163156.0397   -157.946     20.047    -0.189773     0.948647     -0.253091                  -0.0474         NaN         NaN           
414427.131     1169831.3873   -157.987     19.863    -0.190356     0.948812     -0.252033                  -0.0474         NaN         NaN           

712305.000     1169211.9032    178.454     19.869     0.368526    -0.927659     -0.060305                      NaN     -0.0464         NaN           
712306.000     1162633.5329    178.533     20.051     0.367506    -0.927865     -0.063290                      NaN     -0.0464         NaN           
712307.000     1156064.5707    178.613     20.234     0.366470    -0.928064     -0.066305                      NaN     -0.0464         NaN           
712308.000     1149505.1856    178.695     20.419     0.365419    -0.928256     -0.069352                      NaN     -0.0464         NaN           
712309.000     1142955.5504    178.777     20.605     0.364352    -0.928440     -0.072430                      NaN     -0.0464         NaN           
712310.000     1136415.8414    178.861     20.794     0.363268    -0.928617     -0.075541                      NaN     -0.0464         NaN           
712311.000     1129886.2384    178.945     20.983     0.362169    -0.928786     -0.078685                      NaN     -0.0464         NaN           
712312.000     1123366.9260    179.031     21.175     0.361052    -0.928946     -0.081861                      NaN     -0.0464         NaN           
712313.000     1116858.0918    179.118     21.369     0.359919    -0.929097     -0.085072                      NaN     -0.0465         NaN           
712314.000     1110359.9277    179.206     21.564     0.358768    -0.929240     -0.088316                      NaN     -0.0465         NaN           
712315.000     1103872.6300    179.296     21.762     0.357599    -0.929373     -0.091594                      NaN     -0.0465         NaN           
712316.000     1097396.3990    179.386     21.961     0.356412    -0.929496     -0.094908                      NaN     -0.0465         NaN           
712317.000     1090931.4394    179.479     22.162     0.355206    -0.929610     -0.098257                      NaN     -0.0465         NaN           
712318.000     1084477.9605    179.572     22.365     0.353982    -0.929713     -0.101642                      NaN     -0.0465         NaN           
712319.000     1078036.1761    179.667     22.570     0.352738    -0.929805     -0.105064                      NaN     -0.0465         NaN           
712320.000     1071606.4975    179.763     22.777     0.351475    -0.929886     -0.108522                      NaN     -0.0465         NaN           
712321.000     1065188.7621    179.860     22.986     0.350192    -0.929956     -0.112018                      NaN     -0.0465         NaN           
712322.000     1058783.3912    179.959     23.197     0.348888    -0.930013     -0.115552                      NaN     -0.0465         NaN           
712323.000     1052390.6183   -179.941     23.411     0.347564    -0.930058     -0.119125                      NaN     -0.0465         NaN           
712324.000     1046010.6817   -179.839     23.626     0.346218    -0.930091     -0.122736                      NaN     -0.0465         NaN           
712325.000     1039643.8254   -179.735     23.844     0.344851    -0.930110     -0.126387                      NaN     -0.0465         NaN           
712326.000     1033290.2985   -179.630     24.064     0.343462    -0.930115     -0.130078                      NaN     -0.0465         NaN           
712327.000     1026950.3561   -179.523     24.286     0.342050    -0.930106     -0.133810                      NaN     -0.0465         NaN           
712328.000     1020624.2587   -179.415     24.510     0.340615    -0.930082     -0.137583                      NaN     -0.0465         NaN           
712329.000     1014312.2726   -179.305     24.737     0.339157    -0.930043     -0.141397                      NaN     -0.0465         NaN           
712330.000     1008014.6705   -179.193     24.966     0.337674    -0.929988     -0.145254                      NaN     -0.0465         NaN           
712331.000     1001731.7310   -179.080     25.197     0.336168    -0.929916     -0.149153                      NaN     -0.0465         NaN           
712332.000      995463.7391   -178.964     25.431     0.334637    -0.929828     -0.153097                      NaN     -0.0465         NaN           
712333.000      989210.9862   -178.847     25.667     0.333080    -0.929722     -0.157084                      NaN     -0.0465         NaN           
712334.000      982973.7707   -178.728     25.906     0.331497    -0.929598     -0.161115                      NaN     -0.0465         NaN           
712335.000      976752.3971   -178.607     26.147     0.329888    -0.929454     -0.165192                      NaN     -0.0465         NaN           
712336.000      970547.1776   -178.484     26.391     0.328252    -0.929292     -0.169314                      NaN     -0.0465         NaN           
712337.000      964358.4312   -178.359     26.637     0.326588    -0.929109     -0.173483                      NaN     -0.0465         NaN           
712338.000      958186.4842   -178.231     26.886     0.324897    -0.928905     -0.177699                      NaN     -0.0464         NaN           
712339.000      952031.6707   -178.102     27.138     0.323176    -0.928680     -0.181962                      NaN     -0.0464         NaN           
712340.000      945894.3322   -177.970     27.393     0.321427    -0.928432     -0.186274                      NaN     -0.0464         NaN           
712341.000      939774.8187   -177.836     27.650     0.319648    -0.928162     -0.190634                      NaN     -0.0464         NaN           
712342.000      933673.4869   -177.700     27.910     0.317838    -0.927867     -0.195044                      NaN     -0.0464         NaN           
712343.000      927590.7030   -177.561     28.173     0.315997    -0.927547     -0.199503                      NaN     -0.0464         NaN           
712344.000      921526.8416   -177.420     28.439     0.314125    -0.927202     -0.204013                      NaN     -0.0464         NaN           
712345.000      915482.2855   -177.276     28.707     0.312220    -0.926831     -0.208575                      NaN     -0.0463         NaN           
712346.000      909457.4266   -177.130     28.979     0.310282    -0.926432     -0.213188                      NaN     -0.0463         NaN           
712347.000      903452.6667   -176.981     29.254     0.308311    -0.926005     -0.217853                      NaN     -0.0463         NaN           
712348.000      897468.4148   -176.829     29.532     0.306305    -0.925548     -0.222572                      NaN     -0.0463         NaN           
712349.000      891505.0916   -176.675     29.812     0.304264    -0.925061     -0.227344                      NaN     -0.0463         NaN           
712350.000      885563.3043   -176.517     30.096     0.302187    -0.924543     -0.232170                      NaN     -0.0462         NaN           
712351.000      879643.1366   -176.357     30.384     0.300074    -0.923992     -0.237051                      NaN     -0.0462         NaN           
712352.000      873745.2172   -176.193     30.674     0.297924    -0.923408     -0.241988                      NaN     -0.0462         NaN           
712353.000      867870.0053   -176.026     30.968     0.295736    -0.922790     -0.246981                      NaN     -0.0461         NaN           
712354.000      862017.9726   -175.856     31.265     0.293509    -0.922135     -0.252030                      NaN     -0.0461         NaN           
712355.000      856189.6010   -175.683     31.565     0.291242    -0.921444     -0.257137                      NaN     -0.0461         NaN           
712356.000      850385.3838   -175.506     31.869     0.288936    -0.920714     -0.262301                      NaN     -0.0460         NaN           
712357.000      844605.8255   -175.326     32.177     0.286588    -0.919945     -0.267523                      NaN     -0.0460         NaN           
712358.000      838851.4433   -175.142     32.487     0.284198    -0.919135     -0.272805                      NaN     -0.0460         NaN           
712359.000      833122.7637   -174.954     32.802     0.281765    -0.918283     -0.278146                      NaN     -0.0459         NaN           
712360.000      827420.3279   -174.762     33.120     0.279289    -0.917387     -0.283546                      NaN     -0.0459         NaN           
712361.000      821744.6888   -174.567     33.442     0.276769    -0.916446     -0.289008                      NaN     -0.0458         NaN           
712362.000      816096.4119   -174.367     33.767     0.274203    -0.915459     -0.294530                      NaN     -0.0458         NaN           
712363.000      810476.0756   -174.163     34.096     0.271590    -0.914424     -0.300113                      NaN     -0.0457         NaN           
712364.000      804884.2727   -173.954     34.429     0.268931    -0.913339     -0.305759                      NaN     -0.0457         NaN           
712365.000      799321.6062   -173.741     34.765     0.266224    -0.912203     -0.311466                      NaN     -0.0456         NaN           
712366.000      793788.6961   -173.523     35.106     0.263467    -0.911014     -0.317236                      NaN     -0.0456         NaN           
712367.000      788286.1750   -173.301     35.450     0.260661    -0.909770     -0.323070                      NaN     -0.0455         NaN           
712368.000      782814.6900   -173.073     35.799     0.257804    -0.908470     -0.328967                      NaN     -0.0454         NaN           
712369.000      777374.9027   -172.841     36.151     0.254895    -0.907112     -0.334927                      NaN     -0.0454         NaN           
712370.000      771967.4902   -172.603     36.507     0.251934    -0.905694     -0.340952                      NaN     -0.0453         NaN           
712371.000      766593.1415   -172.359     36.868     0.248919    -0.904214     -0.347040                      NaN     -0.0452         NaN           
712372.000      761252.5640   -172.110     37.232     0.245849    -0.902670     -0.353193                      NaN     -0.0451         NaN           
712373.000      755946.4794   -171.854     37.601     0.242724    -0.901060     -0.359411                      NaN     -0.0451         NaN           
712374.000      750675.6250   -171.593     37.974     0.239541    -0.899382     -0.365694                      NaN     -0.0450         NaN           
712375.000      745440.7540   -171.325     38.351     0.236302    -0.897634     -0.372041                      NaN     -0.0449         NaN           
712376.000      740242.6356   -171.051     38.732     0.233003    -0.895814     -0.378454                      NaN     -0.0448         NaN           
712377.000      735082.0566   -170.770     39.117     0.229646    -0.893919     -0.384931                      NaN     -0.0447         NaN           
712378.000      729959.8161   -170.482     39.507     0.226227    -0.891948     -0.391472                      NaN     -0.0446         NaN           
712379.000      724876.7339   -170.187     39.901     0.222747    -0.889897     -0.398079                      NaN     -0.0445         NaN           
712380.000      719833.7953   -169.884     40.299     0.219204    -0.887765     -0.404750                      NaN     -0.0444         NaN           
712381.000      714831.5520   -169.573     40.702     0.215598    -0.885550     -0.411484                      NaN     -0.0443         NaN           
712382.000      709871.0215   -169.254     41.109     0.211927    -0.883247     -0.418283                      NaN     -0.0442         NaN           
712383.000      704953.0912   -168.927     41.520     0.208191    -0.880857     -0.425145                      NaN     -0.0440         NaN           
712384.000      700078.6643   -168.591     41.935     0.204388    -0.878374     -0.432070                      NaN     -0.0439         NaN           
712385.000      695248.6611   -168.246     42.355     0.200518    -0.875798     -0.439057                      NaN     -0.0438         NaN           
712386.000      690464.0190   -167.891     42.779     0.196579    -0.873125     -0.446105                      NaN     -0.0437         NaN           
712387.000      685725.6926   -167.527     43.208     0.192571    -0.870352     -0.453215                      NaN     -0.0435         NaN           
712388.000      681034.6558   -167.152     43.641     0.188493    -0.867477     -0.460384                      NaN     -0.0434         NaN           
712444.000      528557.2214   -106.632     66.746    -0.149872    -0.470792     -0.869421                      NaN         NaN     -0.0869           
712445.000      528392.6973   -104.522     66.797    -0.156984    -0.459258     -0.874321                      NaN         NaN     -0.0874           
712446.000      528331.7371   -102.405     66.820    -0.164069    -0.447625     -0.879041                      NaN         NaN     -0.0879           
712447.000      528374.3797   -100.287     66.813    -0.171124    -0.435900     -0.883577                      NaN         NaN     -0.0884           
712448.000      528520.5901    -98.172     66.779    -0.178145    -0.424089     -0.887926                      NaN         NaN     -0.0888           
712449.000      528770.2853    -96.068     66.715    -0.185128    -0.412199     -0.892087                      NaN         NaN     -0.0892           
712450.000      529123.3172    -93.979     66.624    -0.192068    -0.400239     -0.896057                      NaN         NaN     -0.0896           
712451.000      529579.4775    -91.911     66.506    -0.198962    -0.388214     -0.899836                      NaN         NaN     -0.0900           
712452.000      530138.4983    -89.869     66.360    -0.205806    -0.376132     -0.903420                      NaN         NaN     -0.0903           
712453.000      530800.0571    -87.857     66.188    -0.212596    -0.364002     -0.906811                      NaN         NaN     -0.0907           
712454.000      531563.7599    -85.879     65.990    -0.219328    -0.351829     -0.910006                      NaN         NaN     -0.0910           
712455.000      532429.1696    -83.940     65.769    -0.226000    -0.339623     -0.913006                      NaN         NaN     -0.0913           
712456.000      533395.7887    -82.041     65.523    -0.232608    -0.327389     -0.915811                      NaN         NaN     -0.0916           
712457.000      534463.0658    -80.187     65.255    -0.239148    -0.315137     -0.918421                      NaN         NaN     -0.0918           
712458.000      535630.3966    -78.379     64.966    -0.245618    -0.302872     -0.920837                      NaN         NaN     -0.0921           
712459.000      536897.1305    -76.619     64.657    -0.252015    -0.290602     -0.923059                      NaN         NaN     -0.0923           
712460.000      538262.5534    -74.908     64.328    -0.258336    -0.278335     -0.925090                      NaN         NaN     -0.0925           
712461.000      539725.9182    -73.247     63.982    -0.264579    -0.266078     -0.926931                      NaN         NaN     -0.0927           
712462.000      541286.4275    -71.637     63.618    -0.270741    -0.253837     -0.928583                      NaN         NaN     -0.0929           
712463.000      542943.2404    -70.078     63.240    -0.276821    -0.241619     -0.930049                      NaN         NaN     -0.0930           
712464.000      544695.4750    -68.568     62.847    -0.282815    -0.229432     -0.931331                      NaN         NaN     -0.0931           
712465.000      546542.2100    -67.109     62.440    -0.288722    -0.217281     -0.932432                      NaN         NaN     -0.0932           
712466.000      548482.4923    -65.700     62.022    -0.294541    -0.205172     -0.933354                      NaN         NaN     -0.0933           
712467.000      550515.3194    -64.339     61.592    -0.300271    -0.193112     -0.934101                      NaN         NaN     -0.0934           
712468.000      552639.6712    -63.025     61.152    -0.305909    -0.181107     -0.934676                      NaN         NaN     -0.0935           
712469.000      554854.4927    -61.758     60.703    -0.311454    -0.169163     -0.935083                      NaN         NaN     -0.0935           
712470.000      557158.6341    -60.536     60.246    -0.316906    -0.157284     -0.935325                      NaN         NaN     -0.0935           
712471.000      559551.1181    -59.358     59.782    -0.322264    -0.145476     -0.935405                      NaN         NaN     -0.0935           
712472.000      562030.7491    -58.222     59.311    -0.327528    -0.133743     -0.935328                      NaN         NaN     -0.0935           
712473.000      564596.3746    -57.127     58.834    -0.332695    -0.122091     -0.935098                      NaN         NaN     -0.0935           
712474.000      567246.8233    -56.071     58.353    -0.337768    -0.110524     -0.934718                      NaN         NaN     -0.0935           
712475.000      569980.9076    -55.054     57.868    -0.342744    -0.099046     -0.934193                      NaN         NaN     -0.0934           
712476.000      572797.4253    -54.073     57.379    -0.347624    -0.087661     -0.933527                      NaN         NaN     -0.0934           
712477.000      575695.1667    -53.127     56.887    -0.352408    -0.076373     -0.932725                      NaN         NaN     -0.0933           
712478.000      578672.8971    -52.216     56.393    -0.357096    -0.065185     -0.931790                      NaN         NaN     -0.0932           
712479.000      581729.3882    -51.337     55.897    -0.361689    -0.054101     -0.930728                      NaN         NaN     -0.0931           
712480.000      584863.4003    -50.489     55.400    -0.366187    -0.043123     -0.929542                      NaN         NaN     -0.0930           
712481.000      588073.6889    -49.671     54.902    -0.370590    -0.032253     -0.928236                      NaN         NaN     -0.0928           
712482.000      591359.0067    -48.881     54.405    -0.374900    -0.021496     -0.926816                      NaN         NaN     -0.0927           
712483.000      594718.1101    -48.119     53.907    -0.379116    -0.010852     -0.925286                      NaN         NaN     -0.0925           
712484.000      598149.7407    -47.383     53.410    -0.383239    -0.000324     -0.923649                      NaN         NaN     -0.0924           
712485.000      601652.6572    -46.673     52.914    -0.387272     0.010087     -0.921911                      NaN         NaN     -0.0922           
712486.000      605225.6163    -45.986     52.420    -0.391213     0.020378     -0.920074                      NaN         NaN     -0.0920           
712487.000      608867.3794    -45.322     51.927    -0.395065     0.030549     -0.918145                      NaN         NaN     -0.0918           
712488.000      612576.7138    -44.681     51.435    -0.398829     0.040597     -0.916126                      NaN         NaN     -0.0916           
712489.000      616352.3989    -44.061     50.946    -0.402505     0.050523     -0.914022                      NaN         NaN     -0.0914           
712490.000      620193.2071    -43.461     50.460    -0.406096     0.060326     -0.911837                      NaN         NaN     -0.0912           
712491.000      624097.9352    -42.880     49.976    -0.409601     0.070004     -0.909575                      NaN         NaN     -0.0910           
712492.000      628065.3851    -42.318     49.495    -0.413024     0.079557     -0.907239                      NaN         NaN     -0.0907           
712493.000      632094.3697    -41.773     49.017    -0.416363     0.088985     -0.904833                      NaN         NaN     -0.0905           
712494.000      636183.7140    -41.246     48.542    -0.419623     0.098288     -0.902362                      NaN         NaN     -0.0902           
712495.000      640332.2604    -40.735     48.071    -0.422802     0.107466     -0.899827                      NaN         NaN     -0.0900           
712496.000      644538.8496    -40.240     47.603    -0.425904     0.116518     -0.897234                      NaN         NaN     -0.0897           
712497.000      648802.3514    -39.759     47.138    -0.428929     0.125445     -0.894586                      NaN         NaN     -0.0895           
712498.000      653121.6448    -39.293     46.678    -0.431879     0.134248     -0.891885                      NaN         NaN     -0.0892           
712499.000      657495.6240    -38.841     46.221    -0.434755     0.142926     -0.889134                      NaN         NaN     -0.0889           
712500.000      661923.0685    -38.402     45.768    -0.437559     0.151480     -0.886338                      NaN         NaN     -0.0886           
712501.000      666403.1618    -37.976     45.319    -0.440293     0.159912     -0.883499                      NaN         NaN     -0.0883           
712502.000      670934.7170    -37.562     44.874    -0.442957     0.168221     -0.880620                      NaN         NaN     -0.0881           
712503.000      675516.6918    -37.160     44.433    -0.445553     0.176409     -0.877703                      NaN         NaN     -0.0878           
712504.000      680148.0605    -36.769     43.996    -0.448083     0.184476     -0.874751                      NaN         NaN     -0.0875           
712505.000      684827.8143    -36.388     43.564    -0.450548     0.192424     -0.871768                      NaN         NaN     -0.0872           
712506.000      689554.9663    -36.019     43.136    -0.452950     0.200253     -0.868755                      NaN         NaN     -0.0869           

