 69767.076     1158448.0984     15.891     20.318     0.252973    -0.947348     -0.196309                      NaN     -0.0474         NaN           
 69768.076     1151769.9396     15.925     20.504     0.252563    -0.947220     -0.197450                      NaN     -0.0474         NaN           
 69769.076     1145100.1257     15.959     20.692     0.252148    -0.947085     -0.198623                      NaN     -0.0474         NaN           
 69770.076     1138438.8123     15.994     20.882     0.251727    -0.946944     -0.199828                      NaN     -0.0473         NaN           
 69771.076     1131786.1550     16.029     21.074     0.251299    -0.946795     -0.201065                      NaN     -0.0473         NaN           
 69772.076     1125142.3234     16.065     21.268     0.250866    -0.946640     -0.202336                      NaN     -0.0473         NaN           
 69773.076     1118507.4800     16.101     21.464     0.250426    -0.946476     -0.203640                      NaN     -0.0473         NaN           
 69774.076     1111881.7948     16.138     21.661     0.249980    -0.946306     -0.204978                      NaN     -0.0473         NaN           
 69775.076     1105265.4415     16.175     21.861     0.249527    -0.946127     -0.206351                      NaN     -0.0473         NaN           
 69776.076     1098658.5975     16.213     22.062     0.249068    -0.945939     -0.207759                      NaN     -0.0473         NaN           
 69777.076     1092061.4410     16.251     22.266     0.248602    -0.945744     -0.209202                      NaN     -0.0473         NaN           
 69778.076     1085474.1644     16.290     22.472     0.248129    -0.945540     -0.210682                      NaN     -0.0473         NaN           
 69779.076     1078896.9541     16.329     22.679     0.247649    -0.945326     -0.212198                      NaN     -0.0473         NaN           
 69780.076     1072330.0103     16.369     22.889     0.247162    -0.945104     -0.213752                      NaN     -0.0473         NaN           
 69781.076     1065773.5213     16.409     23.101     0.246668    -0.944871     -0.215344                      NaN     -0.0472         NaN           
 69782.076     1059227.6927     16.450     23.316     0.246166    -0.944629     -0.216974                      NaN     -0.0472         NaN           
 69783.076     1052692.7339     16.492     23.532     0.245657    -0.944377     -0.218644                      NaN     -0.0472         NaN           
 69784.076     1046168.8541     16.534     23.751     0.245140    -0.944114     -0.220353                      NaN     -0.0472         NaN           
 69785.076     1039656.2777     16.577     23.972     0.244614    -0.943840     -0.222103                      NaN     -0.0472         NaN           
 69786.076     1033155.2238     16.620     24.196     0.244081    -0.943555     -0.223894                      NaN     -0.0472         NaN           
 69787.076     1026665.9201     16.664     24.422     0.243540    -0.943258     -0.225726                      NaN     -0.0472         NaN           
 69788.076     1020188.5997     16.709     24.651     0.242990    -0.942950     -0.227601                      NaN     -0.0471         NaN           
 69789.076     1013723.5010     16.755     24.881     0.242431    -0.942628     -0.229519                      NaN     -0.0471         NaN           
 69790.076     1007270.8647     16.801     25.115     0.241864    -0.942295     -0.231480                      NaN     -0.0471         NaN           
 69791.076     1000830.9477     16.848     25.351     0.241287    -0.941947     -0.233486                      NaN     -0.0471         NaN           
 69792.076      994404.0023     16.895     25.590     0.240701    -0.941587     -0.235537                      NaN     -0.0471         NaN           
 69793.076      987990.2905     16.944     25.831     0.240106    -0.941212     -0.237633                      NaN     -0.0471         NaN           
 69794.076      981590.0803     16.993     26.075     0.239501    -0.940822     -0.239776                      NaN     -0.0470         NaN           
 69795.076      975203.6464     17.043     26.322     0.238887    -0.940418     -0.241967                      NaN     -0.0470         NaN           
 69796.076      968831.2664     17.094     26.572     0.238262    -0.939997     -0.244205                      NaN     -0.0470         NaN           
 69797.076      962473.2352     17.145     26.824     0.237627    -0.939561     -0.246492                      NaN     -0.0470         NaN           
 69798.076      956129.8443     17.198     27.080     0.236982    -0.939108     -0.248828                      NaN     -0.0470         NaN           
 69799.076      949801.3956     17.251     27.338     0.236326    -0.938638     -0.251215                      NaN     -0.0469         NaN           
 69800.076      943488.1984     17.305     27.599     0.235658    -0.938150     -0.253653                      NaN     -0.0469         NaN           
 69801.076      937190.5697     17.360     27.864     0.234980    -0.937644     -0.256142                      NaN     -0.0469         NaN           
 69802.076      930908.8341     17.417     28.131     0.234290    -0.937118     -0.258685                      NaN     -0.0469         NaN           
 69803.076      924643.3204     17.474     28.402     0.233588    -0.936573     -0.261281                      NaN     -0.0468         NaN           
 69804.076      918394.3766     17.532     28.676     0.232874    -0.936008     -0.263931                      NaN     -0.0468         NaN           
 69805.076      912162.3481     17.591     28.953     0.232148    -0.935421     -0.266636                      NaN     -0.0468         NaN           
 69806.076      905947.5926     17.651     29.234     0.231409    -0.934813     -0.269397                      NaN     -0.0467         NaN           
 69807.076      899750.4766     17.713     29.518     0.230658    -0.934182     -0.272215                      NaN     -0.0467         NaN           
 69808.076      893571.3755     17.775     29.806     0.229893    -0.933528     -0.275091                      NaN     -0.0467         NaN           
 69809.076      887410.6707     17.839     30.097     0.229115    -0.932850     -0.278025                      NaN     -0.0466         NaN           
 69810.076      881268.7693     17.904     30.391     0.228322    -0.932146     -0.281019                      NaN     -0.0466         NaN           
 69811.076      875146.0624     17.970     30.689     0.227516    -0.931418     -0.284074                      NaN     -0.0466         NaN           
 69812.076      869042.9664     18.038     30.991     0.226695    -0.930662     -0.287189                      NaN     -0.0465         NaN           
 69813.076      862959.9076     18.106     31.297     0.225859    -0.929879     -0.290367                      NaN     -0.0465         NaN           
 69814.076      856897.3212     18.177     31.607     0.225009    -0.929067     -0.293608                      NaN     -0.0465         NaN           
 69815.076      850855.6495     18.248     31.920     0.224142    -0.928226     -0.296913                      NaN     -0.0464         NaN           
 69816.076      844835.3569     18.321     32.237     0.223260    -0.927354     -0.300283                      NaN     -0.0464         NaN           
 69817.076      838836.9084     18.396     32.559     0.222361    -0.926450     -0.303719                      NaN     -0.0463         NaN           
 69818.076      832860.7844     18.472     32.885     0.221446    -0.925514     -0.307222                      NaN     -0.0463         NaN           
 69819.076      826907.4771     18.549     33.214     0.220513    -0.924544     -0.310793                      NaN     -0.0462         NaN           
 69820.076      820977.4911     18.629     33.548     0.219563    -0.923539     -0.314432                      NaN     -0.0462         NaN           
 69821.076      815071.3439     18.710     33.887     0.218596    -0.922498     -0.318141                      NaN     -0.0461         NaN           
 69822.076      809189.5619     18.792     34.230     0.217609    -0.921419     -0.321921                      NaN     -0.0461         NaN           
 69823.076      803332.6959     18.877     34.577     0.216604    -0.920301     -0.325773                      NaN     -0.0460         NaN           
 69824.076      797501.2993     18.964     34.929     0.215580    -0.919144     -0.329697                      NaN     -0.0460         NaN           
 69825.076      791695.9431     19.052     35.285     0.214536    -0.917945     -0.333694                      NaN     -0.0459         NaN           
 69826.076      785917.2125     19.143     35.646     0.213472    -0.916703     -0.337766                      NaN     -0.0458         NaN           
 69827.076      780165.7072     19.235     36.012     0.212387    -0.915416     -0.341914                      NaN     -0.0458         NaN           
 69828.076      774442.0382     19.330     36.383     0.211282    -0.914084     -0.346137                      NaN     -0.0457         NaN           
 69829.076      768746.8427     19.427     36.759     0.210154    -0.912704     -0.350438                      NaN     -0.0456         NaN           
 69830.076      763080.7625     19.526     37.140     0.209004    -0.911275     -0.354817                      NaN     -0.0456         NaN           
 69831.076      757444.4590     19.628     37.526     0.207832    -0.909795     -0.359276                      NaN     -0.0455         NaN           
 69832.076      751838.6098     19.732     37.917     0.206636    -0.908263     -0.363814                      NaN     -0.0454         NaN           
 69833.076      746263.9091     19.839     38.313     0.205417    -0.906676     -0.368433                      NaN     -0.0453         NaN           
 69834.076      740721.0644     19.949     38.715     0.204173    -0.905033     -0.373133                      NaN     -0.0453         NaN           
 69835.076      735210.8115     20.062     39.123     0.202905    -0.903332     -0.377916                      NaN     -0.0452         NaN           
 69836.076      729733.8927     20.177     39.535     0.201610    -0.901571     -0.382783                      NaN     -0.0451         NaN           
 69837.076      724291.0720     20.296     39.954     0.200290    -0.899748     -0.387733                      NaN     -0.0450         NaN           
 69838.076      718883.1316     20.417     40.378     0.198943    -0.897861     -0.392768                      NaN     -0.0449         NaN           
 69839.076      713510.8724     20.542     40.808     0.197569    -0.895908     -0.397889                      NaN     -0.0448         NaN           
 69840.076      708175.1188     20.671     41.244     0.196167    -0.893886     -0.403095                      NaN     -0.0447         NaN           
 69841.076      702876.6979     20.803     41.686     0.194737    -0.891794     -0.408389                      NaN     -0.0446         NaN           
 69842.076      697616.4772     20.939     42.134     0.193277    -0.889629     -0.413769                      NaN     -0.0445         NaN           
 69843.076      692395.3327     21.079     42.587     0.191788    -0.887388     -0.419238                      NaN     -0.0444         NaN           
 69844.076      687214.1625     21.223     43.048     0.190268    -0.885069     -0.424794                      NaN     -0.0443         NaN           
 69845.076      682073.8850     21.371     43.514     0.188717    -0.882671     -0.430440                      NaN     -0.0441         NaN           
 69846.076      676975.4391     21.524     43.987     0.187134    -0.880189     -0.436174                      NaN     -0.0440         NaN           
 69847.076      671919.7808     21.681     44.466     0.185518    -0.877622     -0.441998                      NaN     -0.0439         NaN           
 69848.076      666907.8977     21.844     44.952     0.183870    -0.874967     -0.447911                      NaN     -0.0437         NaN           
 69849.076      661940.7878     22.012     45.445     0.182188    -0.872221     -0.453914                      NaN     -0.0436         NaN           
 69850.076      657019.4738     22.185     45.944     0.180471    -0.869381     -0.460007                      NaN     -0.0435         NaN           
 69851.076      652144.9994     22.363     46.450     0.178719    -0.866445     -0.466189                      NaN     -0.0433         NaN           
 69905.076      493504.7243     83.828     79.935     0.022689    -0.490624     -0.871076                      NaN         NaN     -0.0871           
 69906.076      493152.9334     88.810     80.174     0.018907    -0.479233     -0.877484                      NaN         NaN     -0.0877           
 69907.076      492912.3126     94.002     80.336     0.015122    -0.467736     -0.883739                      NaN         NaN     -0.0884           
 69908.076      492783.0263     99.331     80.419     0.011337    -0.456139     -0.889836                      NaN         NaN     -0.0890           
 69909.076      492765.1632    104.707     80.419     0.007555    -0.444452     -0.895771                      NaN         NaN     -0.0896           
 69910.076      492858.7347    110.037     80.337     0.003778    -0.432681     -0.901539                      NaN         NaN     -0.0902           
 69911.076      493063.6824    115.231     80.174     0.000008    -0.420835     -0.907137                      NaN         NaN     -0.0907           
 69912.076      493379.8663    120.215     79.936    -0.003751    -0.408922     -0.912562                      NaN         NaN     -0.0913           
 69913.076      493807.0735    124.931     79.626    -0.007498    -0.396951     -0.917809                      NaN         NaN     -0.0918           
 69914.076      494345.0166    129.342     79.253    -0.011229    -0.384930     -0.922878                      NaN         NaN     -0.0923           
 69915.076      494993.3351    133.429     78.824    -0.014942    -0.372867     -0.927765                      NaN         NaN     -0.0928           
 69916.076      495751.5943    137.190     78.344    -0.018635    -0.360771     -0.932468                      NaN         NaN     -0.0932           
 69917.076      496619.2947    140.635     77.821    -0.022306    -0.348652     -0.936987                      NaN         NaN     -0.0937           
 69918.076      497595.8617    143.778     77.261    -0.025951    -0.336517     -0.941320                      NaN         NaN     -0.0941           
 69919.076      498680.6557    146.643     76.669    -0.029570    -0.324374     -0.945467                      NaN         NaN     -0.0945           
 69920.076      499872.9717    149.252     76.050    -0.033159    -0.312233     -0.949427                      NaN         NaN     -0.0949           
 69921.076      501172.0421    151.627     75.409    -0.036717    -0.300102     -0.953200                      NaN         NaN     -0.0953           
 69922.076      502577.0367    153.793     74.750    -0.040242    -0.287988     -0.956788                      NaN         NaN     -0.0957           
 69923.076      504087.0725    155.771     74.075    -0.043732    -0.275900     -0.960191                      NaN         NaN     -0.0960           
 69924.076      505701.2061    157.579     73.388    -0.047184    -0.263846     -0.963410                      NaN         NaN     -0.0963           
 69925.076      507418.4430    159.235     72.691    -0.050598    -0.251833     -0.966447                      NaN         NaN     -0.0966           
 69926.076      509237.7391    160.756     71.986    -0.053972    -0.239869     -0.969304                      NaN         NaN     -0.0969           
 69927.076      511158.0035    162.156     71.275    -0.057304    -0.227961     -0.971983                      NaN         NaN     -0.0972           
 69928.076      513178.1014    163.447     70.560    -0.060593    -0.216116     -0.974486                      NaN         NaN     -0.0974           
 69929.076      515296.8559    164.640     69.842    -0.063838    -0.204340     -0.976816                      NaN         NaN     -0.0977           
 69930.076      517513.0541    165.745     69.122    -0.067037    -0.192640     -0.978977                      NaN         NaN     -0.0979           
 69931.076      519825.4501    166.770     68.401    -0.070189    -0.181022     -0.980971                      NaN         NaN     -0.0981           
 69932.076      522232.7635    167.724     67.681    -0.073294    -0.169492     -0.982802                      NaN         NaN     -0.0983           
 69933.076      524733.6854    168.613     66.962    -0.076350    -0.158056     -0.984474                      NaN         NaN     -0.0984           
 69934.076      527326.8818    169.443     66.246    -0.079358    -0.146717     -0.985990                      NaN         NaN     -0.0986           
 69935.076      530010.9950    170.220     65.532    -0.082315    -0.135483     -0.987354                      NaN         NaN     -0.0987           
 69936.076      532784.6507    170.948     64.821    -0.085222    -0.124356     -0.988571                      NaN         NaN     -0.0989           
 69937.076      535646.4542    171.632     64.114    -0.088078    -0.113341     -0.989644                      NaN         NaN     -0.0990           
 69938.076      538594.9980    172.275     63.411    -0.090883    -0.102442     -0.990579                      NaN         NaN     -0.0991           
 69939.076      541628.8628    172.881     62.713    -0.093636    -0.091663     -0.991378                      NaN         NaN     -0.0991           
 69940.076      544746.6202    173.453     62.020    -0.096337    -0.081007     -0.992047                      NaN         NaN     -0.0992           
 69941.076      547946.8346    173.993     61.333    -0.098987    -0.070477     -0.992590                      NaN         NaN     -0.0993           
 69942.076      551228.0682    174.504     60.651    -0.101585    -0.060076     -0.993011                      NaN         NaN     -0.0993           
 69943.076      554588.8791    174.988     59.975    -0.104131    -0.049806     -0.993316                      NaN         NaN     -0.0993           
 69944.076      558027.8264    175.447     59.305    -0.106625    -0.039669     -0.993508                      NaN         NaN     -0.0994           
 69945.076      561543.4710    175.884     58.642    -0.109067    -0.029668     -0.993592                      NaN         NaN     -0.0994           
 69946.076      565134.3782    176.299     57.985    -0.111459    -0.019804     -0.993572                      NaN         NaN     -0.0994           
 69947.076      568799.1190    176.694     57.335    -0.113799    -0.010078     -0.993453                      NaN         NaN     -0.0993           
 69948.076      572536.2715    177.071     56.692    -0.116089    -0.000492     -0.993239                      NaN         NaN     -0.0993           
 69949.076      576344.4243    177.430     56.055    -0.118328     0.008955     -0.992934                      NaN         NaN     -0.0993           
 69950.076      580222.1751    177.774     55.426    -0.120517     0.018260     -0.992543                      NaN         NaN     -0.0993           
 69951.076      584168.1340    178.102     54.804    -0.122657     0.027423     -0.992070                      NaN         NaN     -0.0992           
 69952.076      588180.9241    178.416     54.188    -0.124749     0.036444     -0.991519                      NaN         NaN     -0.0992           
 69953.076      592259.1830    178.717     53.580    -0.126792     0.045324     -0.990893                      NaN         NaN     -0.0991           
 69954.076      596401.5632    179.006     52.980    -0.128787     0.054062     -0.990198                      NaN         NaN     -0.0990           
 69955.076      600606.7341    179.283     52.386    -0.130735     0.062658     -0.989435                      NaN         NaN     -0.0989           
 69956.076      604873.3815    179.549     51.800    -0.132637     0.071112     -0.988610                      NaN         NaN     -0.0989           
 69957.076      609200.2093    179.804     51.221    -0.134493     0.079426     -0.987726                      NaN         NaN     -0.0988           
 69958.076      613585.9397   -179.950     50.649    -0.136304     0.087600     -0.986786                      NaN         NaN     -0.0987           
 69959.076      618029.3143   -179.713     50.084    -0.138071     0.095635     -0.985794                      NaN         NaN     -0.0986           
 69960.076      622529.0899   -179.485     49.527    -0.139794     0.103531     -0.984753                      NaN         NaN     -0.0985           
 69961.076      627084.0543   -179.265     48.977    -0.141475     0.111290     -0.983666                      NaN         NaN     -0.0984           
 69962.076      631693.0075   -179.053     48.434    -0.143113     0.118913     -0.982537                      NaN         NaN     -0.0983           
 69963.076      636354.7702   -178.849     47.898    -0.144710     0.126401     -0.981367                      NaN         NaN     -0.0981           
 69964.076      641068.1853   -178.651     47.369    -0.146266     0.133755     -0.980161                      NaN         NaN     -0.0980           
 69965.076      645832.1168   -178.460     46.847    -0.147782     0.140977     -0.978921                      NaN         NaN     -0.0979           
 69966.076      650645.4499   -178.275     46.331    -0.149259     0.148068     -0.977649                      NaN         NaN     -0.0978           
 69967.076      655507.0916   -178.097     45.823    -0.150698     0.155030     -0.976348                      NaN         NaN     -0.0976           
 69968.076      660415.9691   -177.924     45.322    -0.152100     0.161864     -0.975021                      NaN         NaN     -0.0975           
 69969.076      665371.0318   -177.757     44.827    -0.153464     0.168572     -0.973669                      NaN         NaN     -0.0974           
 69970.076      670371.2503   -177.594     44.339    -0.154793     0.175155     -0.972296                      NaN         NaN     -0.0972           
 69971.076      675415.6162   -177.437     43.857    -0.156086     0.181616     -0.970903                      NaN         NaN     -0.0971           
 69972.076      680503.1421   -177.284     43.382    -0.157345     0.187955     -0.969492                      NaN         NaN     -0.0969           
 69973.076      685632.8623   -177.136     42.913    -0.158570     0.194176     -0.968066                      NaN         NaN     -0.0968           
 69974.076      690803.8301   -176.993     42.451    -0.159762     0.200278     -0.966625                      NaN         NaN     -0.0967           
 69975.076      696015.1211   -176.853     41.994    -0.160922     0.206265     -0.965173                      NaN         NaN     -0.0965           
 69976.076      701265.8304   -176.717     41.544    -0.162050     0.212138     -0.963710                      NaN         NaN     -0.0964           
 69977.076      706555.0735   -176.585     41.100    -0.163147     0.217898     -0.962239                      NaN         NaN     -0.0962           
 69978.076      711881.9855   -176.457     40.663    -0.164214     0.223548     -0.960760                      NaN         NaN     -0.0961           
 69979.076      717245.7220   -176.332     40.230    -0.165252     0.229090     -0.959276                      NaN         NaN     -0.0959           
 69980.076      722645.4557   -176.211     39.804    -0.166261     0.234525     -0.957787                      NaN         NaN     -0.0958           
 69981.076      728080.3802   -176.093     39.384    -0.167241     0.239855     -0.956295                      NaN         NaN     -0.0956           
 69982.076      733549.7074   -175.977     38.969    -0.168194     0.245081     -0.954801                      NaN         NaN     -0.0955           
 69983.076      739052.6673   -175.865     38.560    -0.169121     0.250207     -0.953307                      NaN         NaN     -0.0953           
 69984.076      744588.5080   -175.756     38.156    -0.170021     0.255232     -0.951814                      NaN         NaN     -0.0952           
 69985.076      750156.4961   -175.649     37.758    -0.170895     0.260160     -0.950322                      NaN         NaN     -0.0950           
 69986.076      755755.9134   -175.545     37.365    -0.171745     0.264992     -0.948832                      NaN         NaN     -0.0949           
 69987.076      761386.0608   -175.444     36.977    -0.172570     0.269730     -0.947347                      NaN         NaN     -0.0947           
 69988.076      767046.2553   -175.345     36.594    -0.173371     0.274375     -0.945865                      NaN         NaN     -0.0946           
 69989.076      772735.8303   -175.248     36.217    -0.174149     0.278929     -0.944389                      NaN         NaN     -0.0944           
 69990.076      778454.1297   -175.154     35.844    -0.174905     0.283394     -0.942919                      NaN         NaN     -0.0943           
 69991.076      784200.5273   -175.061     35.476    -0.175638     0.287772     -0.941456                      NaN         NaN     -0.0941           
 69992.076      789974.4030   -174.971     35.113    -0.176350     0.292063     -0.940000                      NaN         NaN     -0.0940           
 69993.076      795775.1483   -174.883     34.755    -0.177040     0.296271     -0.938552                      NaN         NaN     -0.0939           
 69994.076      801602.1742   -174.797     34.402    -0.177711     0.300396     -0.937113                      NaN         NaN     -0.0937           
 69995.076      807454.9052   -174.713     34.053    -0.178361     0.304440     -0.935684                      NaN         NaN     -0.0936           
 69996.076      813332.7795   -174.630     33.709    -0.178991     0.308404     -0.934264                      NaN         NaN     -0.0934           
 69997.076      819235.2494   -174.550     33.369    -0.179602     0.312291     -0.932854                      NaN         NaN     -0.0933           
 69998.076      825161.7814   -174.471     33.033    -0.180195     0.316101     -0.931456                      NaN         NaN     -0.0931           
 69999.076      831111.8517   -174.393     32.702    -0.180770     0.319836     -0.930068                      NaN         NaN     -0.0930           
 70000.076      837084.9526   -174.318     32.375    -0.181327     0.323498     -0.928693                      NaN         NaN     -0.0929           
 70001.076      843080.5879   -174.244     32.052    -0.181866     0.327087     -0.927329                      NaN         NaN     -0.0927           
 70002.076      849098.2732   -174.171     31.733    -0.182389     0.330606     -0.925977                      NaN         NaN     -0.0926           
 70003.076      855137.5361   -174.100     31.418    -0.182895     0.334056     -0.924638                      NaN         NaN     -0.0925           
 70004.076      861197.9170   -174.030     31.107    -0.183385     0.337438     -0.923312                      NaN         NaN     -0.0923           
 70005.076      867278.9637   -173.962     30.800    -0.183860     0.340754     -0.921999                      NaN         NaN     -0.0922           
 70006.076      873380.2387   -173.895     30.497    -0.184319     0.344004     -0.920700                      NaN         NaN     -0.0921           
 70007.076      879501.3141   -173.829     30.197    -0.184763     0.347190     -0.919414                      NaN         NaN     -0.0919           
 70008.076      885641.7721   -173.764     29.901    -0.185193     0.350314     -0.918142                      NaN         NaN     -0.0918           
 70009.076      891801.2053   -173.701     29.609    -0.185609     0.353376     -0.916883                      NaN         NaN     -0.0917           
 70010.076      897979.2162   -173.639     29.320    -0.186010     0.356377     -0.915639                      NaN         NaN     -0.0916           
 70011.076      904175.4180   -173.578     29.035    -0.186398     0.359320     -0.914409                      NaN         NaN     -0.0914           
 70012.076      910389.4295   -173.518     28.753    -0.186773     0.362205     -0.913194                      NaN         NaN     -0.0913           
 70013.076      916620.8826   -173.459     28.475    -0.187135     0.365033     -0.911993                      NaN         NaN     -0.0912           
 70014.076      922869.4167   -173.402     28.200    -0.187485     0.367806     -0.910806                      NaN         NaN     -0.0911           
 70015.076      929134.6800   -173.345     27.928    -0.187822     0.370524     -0.909634                      NaN         NaN     -0.0910           
 70016.076      935416.3289   -173.289     27.659    -0.188147     0.373189     -0.908477                      NaN         NaN     -0.0908           
 70017.076      941714.0298   -173.234     27.394    -0.188460     0.375801     -0.907335                      NaN         NaN     -0.0907           
 70018.076      948027.4525   -173.181     27.131    -0.188762     0.378362     -0.906207                      NaN         NaN     -0.0906           
 70019.076      954356.2791   -173.128     26.872    -0.189053     0.380872     -0.905094                      NaN         NaN     -0.0905           
 70020.076      960700.1918   -173.076     26.615    -0.189333     0.383333     -0.903996                      NaN         NaN     -0.0904           
 70021.076      967058.8961   -173.025     26.362    -0.189602     0.385746     -0.902912                      NaN         NaN     -0.0903           
 70022.076      973432.0926   -172.974     26.111    -0.189861     0.388111     -0.901844                      NaN         NaN     -0.0902           
 70023.076      979819.4908   -172.925     25.863    -0.190110     0.390430     -0.900790                      NaN         NaN     -0.0901           
 70024.076      986220.8043   -172.876     25.618    -0.190349     0.392703     -0.899751                      NaN         NaN     -0.0900           
 70025.076      992635.7577   -172.828     25.376    -0.190578     0.394931     -0.898726                      NaN         NaN     -0.0899           
 70026.076      999064.0809   -172.781     25.136    -0.190798     0.397116     -0.897717                      NaN         NaN     -0.0898           
 70027.076     1005505.5099   -172.735     24.899    -0.191009     0.399257     -0.896722                      NaN         NaN     -0.0897           
 70028.076     1011959.7868   -172.689     24.665    -0.191210     0.401356     -0.895741                      NaN         NaN     -0.0896           
 70029.076     1018426.6598   -172.644     24.433    -0.191403     0.403414     -0.894775                      NaN         NaN     -0.0895           
 70030.076     1024905.8844   -172.600     24.204    -0.191587     0.405431     -0.893823                      NaN         NaN     -0.0894           
 70031.076     1031397.2171   -172.557     23.977    -0.191763     0.407408     -0.892886                      NaN         NaN     -0.0893           
 70032.076     1037900.4245   -172.514     23.752    -0.191930     0.409346     -0.891963                      NaN         NaN     -0.0892           
 70033.076     1044415.2773   -172.471     23.530    -0.192090     0.411246     -0.891054                      NaN         NaN     -0.0891           
 70034.076     1050941.5512   -172.430     23.311    -0.192241     0.413109     -0.890160                      NaN         NaN     -0.0890           
 70035.076     1057479.0269   -172.389     23.093    -0.192385     0.414934     -0.889279                      NaN         NaN     -0.0889           
 70036.076     1064027.4920   -172.348     22.878    -0.192521     0.416724     -0.888413                      NaN         NaN     -0.0888           
 70037.076     1070586.7337   -172.308     22.665    -0.192650     0.418477     -0.887560                      NaN         NaN     -0.0888           
 70038.076     1077156.5492   -172.269     22.454    -0.192772     0.420196     -0.886721                      NaN         NaN     -0.0887           
 70039.076     1083736.7383   -172.230     22.246    -0.192887     0.421881     -0.885896                      NaN         NaN     -0.0886           
 70040.076     1090327.1053   -172.192     22.039    -0.192995     0.423532     -0.885084                      NaN         NaN     -0.0885           
 70041.076     1096927.4592   -172.154     21.835    -0.193097     0.425150     -0.884285                      NaN         NaN     -0.0884           
 70042.076     1103537.6144   -172.117     21.633    -0.193191     0.426736     -0.883500                      NaN         NaN     -0.0884           
 70043.076     1110157.3848   -172.081     21.432    -0.193280     0.428291     -0.882729                      NaN         NaN     -0.0883           
 70044.076     1116786.5932   -172.045     21.234    -0.193362     0.429814     -0.881970                      NaN         NaN     -0.0882           
 70045.076     1123425.0646   -172.009     21.038    -0.193438     0.431306     -0.881225                      NaN         NaN     -0.0881           
 70046.076     1130072.6280   -171.974     20.843    -0.193507     0.432769     -0.880492                      NaN         NaN     -0.0880           
 70047.076     1136729.1158   -171.939     20.651    -0.193571     0.434202     -0.879772                      NaN         NaN     -0.0880           
 70048.076     1143394.3662   -171.905     20.460    -0.193630     0.435606     -0.879065                      NaN         NaN     -0.0879           
 70049.076     1150068.2152   -171.871     20.271    -0.193682     0.436982     -0.878370                      NaN         NaN     -0.0878           
 70050.076     1156750.5018   -171.838     20.084    -0.193730     0.438330     -0.877688                      NaN         NaN     -0.0878           
 70051.076     1163441.0826   -171.805     19.899    -0.193771     0.439651     -0.877018                      NaN         NaN     -0.0877           

542807.010      753306.6545   -158.512     37.311    -0.468067     0.056088     -0.881911                      NaN         NaN     -0.0882           
542808.010      748522.5816   -158.116     37.647    -0.464903     0.063072     -0.883112                      NaN         NaN     -0.0883           
542809.010      743781.2192   -157.712     37.985    -0.461675     0.070141     -0.884272                      NaN         NaN     -0.0884           
542810.010      739083.3944   -157.298     38.327    -0.458382     0.077293     -0.885388                      NaN         NaN     -0.0885           
542811.010      734429.9474   -156.876     38.670    -0.455023     0.084530     -0.886458                      NaN         NaN     -0.0886           
542812.010      729821.7363   -156.444     39.016    -0.451596     0.091852     -0.887482                      NaN         NaN     -0.0887           
542813.010      725259.6197   -156.002     39.364    -0.448101     0.099259     -0.888455                      NaN         NaN     -0.0888           
542814.010      720744.4818   -155.551     39.714    -0.444536     0.106750     -0.889377                      NaN         NaN     -0.0889           
542815.010      716277.2156   -155.089     40.067    -0.440900     0.114327     -0.890245                      NaN         NaN     -0.0890           
542816.010      711858.7270   -154.616     40.421    -0.437192     0.121988     -0.891057                      NaN         NaN     -0.0891           
542817.010      707489.9344   -154.133     40.778    -0.433411     0.129734     -0.891809                      NaN         NaN     -0.0892           
542818.010      703171.7731   -153.638     41.136    -0.429555     0.137564     -0.892501                      NaN         NaN     -0.0893           
542819.010      698905.1767   -153.132     41.496    -0.425624     0.145479     -0.893129                      NaN         NaN     -0.0893           
542820.010      694691.1086   -152.614     41.858    -0.421616     0.153477     -0.893692                      NaN         NaN     -0.0894           
542821.010      690530.5298   -152.084     42.221    -0.417531     0.161558     -0.894185                      NaN         NaN     -0.0894           
542822.010      686424.4150   -151.542     42.586    -0.413366     0.169721     -0.894608                      NaN         NaN     -0.0895           
542823.010      682373.7526   -150.986     42.951    -0.409122     0.177967     -0.894956                      NaN         NaN     -0.0895           
542824.010      678379.5414   -150.417     43.318    -0.404797     0.186294     -0.895228                      NaN         NaN     -0.0895           
542825.010      674442.7933   -149.835     43.686    -0.400391     0.194700     -0.895421                      NaN         NaN     -0.0895           
542826.010      670564.5141   -149.238     44.055    -0.395901     0.203186     -0.895532                      NaN         NaN     -0.0896           
542827.010      666745.7329   -148.627     44.424    -0.391329     0.211749     -0.895558                      NaN         NaN     -0.0896           
542828.010      662987.4815   -148.002     44.794    -0.386671     0.220389     -0.895496                      NaN         NaN     -0.0895           
542829.010      659290.7985   -147.361     45.164    -0.381929     0.229104     -0.895344                      NaN         NaN     -0.0895           
542830.010      655656.7289   -146.705     45.533    -0.377101     0.237893     -0.895099                      NaN         NaN     -0.0895           
542831.010      652086.3282   -146.032     45.903    -0.372187     0.246754     -0.894757                      NaN         NaN     -0.0895           
542832.010      648580.6406   -145.344     46.272    -0.367185     0.255684     -0.894316                      NaN         NaN     -0.0894           
542833.010      645140.7295   -144.638     46.641    -0.362096     0.264683     -0.893772                      NaN         NaN     -0.0894           
542834.010      641767.6558   -143.916     47.008    -0.356919     0.273748     -0.893124                      NaN         NaN     -0.0893           
542835.010      638462.4819   -143.175     47.374    -0.351654     0.282876     -0.892368                      NaN         NaN     -0.0892           
542836.010      635226.2706   -142.417     47.738    -0.346300     0.292065     -0.891501                      NaN         NaN     -0.0892           
542837.010      632060.0895   -141.640     48.101    -0.340857     0.301314     -0.890520                      NaN         NaN     -0.0891           
542838.010      628964.9880   -140.845     48.461    -0.335325     0.310618     -0.889423                      NaN         NaN     -0.0889           
542839.010      625942.0285   -140.031     48.819    -0.329705     0.319975     -0.888206                      NaN         NaN     -0.0888           
542840.010      622992.2639   -139.196     49.174    -0.323995     0.329383     -0.886868                      NaN         NaN     -0.0887           
542841.010      620116.7411   -138.343     49.525    -0.318197     0.338837     -0.885404                      NaN         NaN     -0.0885           
542842.010      617316.4999   -137.468     49.873    -0.312311     0.348335     -0.883813                      NaN         NaN     -0.0884           
542843.010      614592.5717   -136.574     50.217    -0.306337     0.357873     -0.882091                      NaN         NaN     -0.0882           
542844.010      611945.9836   -135.658     50.556    -0.300275     0.367447     -0.880237                      NaN         NaN     -0.0880           
542845.010      609377.7333   -134.722     50.891    -0.294127     0.377054     -0.878248                      NaN         NaN     -0.0878           
542846.010      606888.8234   -133.764     51.220    -0.287893     0.386690     -0.876121                      NaN         NaN     -0.0876           
542847.010      604480.2356   -132.785     51.543    -0.281574     0.396350     -0.873855                      NaN         NaN     -0.0874           
542848.010      602152.9357   -131.784     51.860    -0.275171     0.406031     -0.871447                      NaN         NaN     -0.0871           
542849.010      599907.8712   -130.761     52.171    -0.268686     0.415728     -0.868895                      NaN         NaN     -0.0869           
542850.010      597745.9788   -129.717     52.474    -0.262120     0.425436     -0.866197                      NaN         NaN     -0.0866           
542912.000      640742.2887    -56.939     47.348     0.184682     0.867999     -0.460944                  -0.0434         NaN         NaN           
542913.000      644093.2412    -56.205     46.984     0.190507     0.870996     -0.452850                  -0.0435         NaN         NaN           
542914.000      647511.2723    -55.488     46.619     0.196249     0.873869     -0.444791                  -0.0437         NaN         NaN           
542915.000      650995.3199    -54.788     46.253     0.201907     0.876622     -0.436769                  -0.0438         NaN         NaN           
542916.000      654544.3241    -54.105     45.886     0.207481     0.879258     -0.428786                  -0.0440         NaN         NaN           
542917.000      658157.2285    -53.438     45.519     0.212971     0.881778     -0.420846                  -0.0441         NaN         NaN           
542918.000      661832.9885    -52.787     45.152     0.218378     0.884185     -0.412951                  -0.0442         NaN         NaN           
542919.000      665570.5417    -52.151     44.785     0.223701     0.886482     -0.405102                  -0.0443         NaN         NaN           
542920.000      669368.8545    -51.530     44.418     0.228941     0.888672     -0.397302                  -0.0444         NaN         NaN           
542921.000      673226.8927    -50.924     44.052     0.234099     0.890756     -0.389552                  -0.0445         NaN         NaN           
542922.000      677143.6293    -50.332     43.686     0.239174     0.892739     -0.381855                  -0.0446         NaN         NaN           
542923.000      681118.0456    -49.754     43.321     0.244167     0.894621     -0.374213                  -0.0447         NaN         NaN           
542924.000      685149.1391    -49.190     42.957     0.249080     0.896407     -0.366626                  -0.0448         NaN         NaN           
542925.000      689235.8944    -48.639     42.594     0.253911     0.898098     -0.359096                  -0.0449         NaN         NaN           
542926.000      693377.3282    -48.100     42.233     0.258662     0.899697     -0.351624                  -0.0450         NaN         NaN           
542927.000      697572.4603    -47.574     41.873     0.263334     0.901206     -0.344213                  -0.0451         NaN         NaN           
542928.000      701820.3214    -47.060     41.514     0.267928     0.902629     -0.336862                  -0.0451         NaN         NaN           
542929.000      706119.9535    -46.557     41.157     0.272443     0.903967     -0.329573                  -0.0452         NaN         NaN           
542930.000      710470.4173    -46.067     40.802     0.276882     0.905223     -0.322348                  -0.0453         NaN         NaN           
542931.000      714870.7637    -45.587     40.449     0.281244     0.906399     -0.315185                  -0.0453         NaN         NaN           
542932.000      719320.0778    -45.118     40.097     0.285531     0.907499     -0.308088                  -0.0454         NaN         NaN           
542933.000      723817.4499    -44.659     39.748     0.289744     0.908523     -0.301055                  -0.0454         NaN         NaN           
542934.000      728361.9830    -44.211     39.401     0.293883     0.909475     -0.294088                  -0.0455         NaN         NaN           
542935.000      732952.7932    -43.772     39.056     0.297949     0.910357     -0.287187                  -0.0455         NaN         NaN           
542936.000      737589.0094    -43.343     38.713     0.301944     0.911171     -0.280353                  -0.0456         NaN         NaN           
542937.000      742269.7811    -42.924     38.373     0.305868     0.911919     -0.273586                  -0.0456         NaN         NaN           
542938.000      746994.2496    -42.513     38.035     0.309722     0.912603     -0.266886                  -0.0456         NaN         NaN           
542939.000      751761.5910    -42.112     37.699     0.313508     0.913226     -0.260254                  -0.0457         NaN         NaN           
542940.000      756570.8412    -41.719     37.366     0.317226     0.913789     -0.253689                  -0.0457         NaN         NaN           
542941.000      761421.4954    -41.334     37.035     0.320877     0.914294     -0.247192                  -0.0457         NaN         NaN           
542942.000      766312.6035    -40.957     36.707     0.324463     0.914744     -0.240763                  -0.0457         NaN         NaN           
542943.000      771243.3957    -40.589     36.382     0.327984     0.915141     -0.234402                  -0.0458         NaN         NaN           
542944.000      776213.1084    -40.227     36.059     0.331441     0.915485     -0.228108                  -0.0458         NaN         NaN           
542945.000      781220.9916    -39.874     35.738     0.334836     0.915780     -0.221882                  -0.0458         NaN         NaN           
542946.000      786266.3087    -39.527     35.421     0.338169     0.916027     -0.215723                  -0.0458         NaN         NaN           
542947.000      791348.3363    -39.188     35.106     0.341442     0.916227     -0.209632                  -0.0458         NaN         NaN           
542948.000      796466.3713    -38.856     34.793     0.344656     0.916382     -0.203608                  -0.0458         NaN         NaN           
542949.000      801619.7028    -38.530     34.484     0.347811     0.916495     -0.197650                  -0.0458         NaN         NaN           
542950.000      806807.6538    -38.211     34.177     0.350908     0.916565     -0.191759                  -0.0458         NaN         NaN           
542951.000      812029.5533    -37.898     33.872     0.353949     0.916596     -0.185934                  -0.0458         NaN         NaN           
542952.000      817284.7431    -37.591     33.571     0.356934     0.916589     -0.180175                  -0.0458         NaN         NaN           
542953.000      822572.5774    -37.290     33.272     0.359866     0.916544     -0.174481                  -0.0458         NaN         NaN           
542954.000      827892.4301    -36.995     32.975     0.362743     0.916464     -0.168852                  -0.0458         NaN         NaN           
542955.000      833243.6667    -36.705     32.682     0.365568     0.916350     -0.163288                  -0.0458         NaN         NaN           
542956.000      838625.6854    -36.421     32.391     0.368342     0.916203     -0.157788                  -0.0458         NaN         NaN           
542957.000      844037.8898    -36.143     32.102     0.371065     0.916024     -0.152351                  -0.0458         NaN         NaN           
542958.000      849479.6951    -35.869     31.817     0.373738     0.915815     -0.146977                  -0.0458         NaN         NaN           
542959.000      854950.5283    -35.601     31.534     0.376363     0.915577     -0.141666                  -0.0458         NaN         NaN           
542960.000      860449.8347    -35.338     31.253     0.378940     0.915312     -0.136417                  -0.0458         NaN         NaN           
542961.000      865977.0507    -35.079     30.976     0.381469     0.915019     -0.131229                  -0.0458         NaN         NaN           
542962.000      871531.6440    -34.826     30.700     0.383953     0.914701     -0.126102                  -0.0457         NaN         NaN           
542963.000      877113.0866    -34.576     30.428     0.386392     0.914358     -0.121036                  -0.0457         NaN         NaN           
542964.000      882720.8613    -34.332     30.158     0.388787     0.913992     -0.116029                  -0.0457         NaN         NaN           
542965.000      888354.4616    -34.091     29.890     0.391138     0.913604     -0.111081                  -0.0457         NaN         NaN           
542966.000      894013.3977    -33.855     29.625     0.393447     0.913194     -0.106192                  -0.0457         NaN         NaN           
542967.000      899697.1707    -33.623     29.363     0.395714     0.912763     -0.101361                  -0.0456         NaN         NaN           
542968.000      905405.3112    -33.395     29.103     0.397940     0.912313     -0.096587                  -0.0456         NaN         NaN           
542969.000      911137.3532    -33.171     28.845     0.400126     0.911844     -0.091869                  -0.0456         NaN         NaN           
542970.000      916892.6658    -32.951     28.590     0.402273     0.911357     -0.087208                  -0.0456         NaN         NaN           
542971.000      922671.1571    -32.735     28.337     0.404381     0.910853     -0.082603                  -0.0455         NaN         NaN           
542972.000      928472.2028    -32.522     28.087     0.406451     0.910333     -0.078052                  -0.0455         NaN         NaN           
542973.000      934295.3810    -32.313     27.839     0.408485     0.909797     -0.073555                  -0.0455         NaN         NaN           
542974.000      940140.2722    -32.107     27.593     0.410482     0.909246     -0.069111                  -0.0455         NaN         NaN           
542975.000      946006.4659    -31.905     27.350     0.412443     0.908681     -0.064721                  -0.0454         NaN         NaN           
542976.000      951893.5600    -31.706     27.109     0.414370     0.908103     -0.060383                  -0.0454         NaN         NaN           
542977.000      957801.1673    -31.510     26.870     0.416263     0.907512     -0.056097                  -0.0454         NaN         NaN           
542978.000      963728.8896    -31.317     26.634     0.418122     0.906909     -0.051861                  -0.0453         NaN         NaN           
542979.000      969676.3561    -31.128     26.400     0.419948     0.906295     -0.047676                  -0.0453         NaN         NaN           
542980.000      975643.1974    -30.941     26.168     0.421742     0.905670     -0.043541                  -0.0453         NaN         NaN           
542981.000      981629.0520    -30.758     25.938     0.423505     0.905034     -0.039455                  -0.0453         NaN         NaN           
542982.000      987633.5657    -30.577     25.710     0.425237     0.904389     -0.035417                  -0.0452         NaN         NaN           
542983.000      993656.3921    -30.399     25.485     0.426939     0.903734     -0.031428                  -0.0452         NaN         NaN           
542984.000      999697.1979    -30.224     25.261     0.428610     0.903071     -0.027485                  -0.0452         NaN         NaN           
542985.000     1005755.6385    -30.052     25.040     0.430253     0.902400     -0.023590                  -0.0451         NaN         NaN           
542986.000     1011831.3949    -29.882     24.821     0.431868     0.901721     -0.019740                  -0.0451         NaN         NaN           
542987.000     1017924.1487    -29.714     24.603     0.433454     0.901035     -0.015936                  -0.0451         NaN         NaN           
542988.000     1024033.5879    -29.550     24.388     0.435014     0.900342     -0.012177                  -0.0450         NaN         NaN           
542989.000     1030159.4074    -29.388     24.175     0.436546     0.899642     -0.008462                  -0.0450         NaN         NaN           
542990.000     1036301.3142    -29.228     23.964     0.438052     0.898937     -0.004791                  -0.0449         NaN         NaN           
542991.000     1042459.0034    -29.070     23.754     0.439533     0.898226     -0.001163                  -0.0449         NaN         NaN           
542992.000     1048632.1947    -28.915     23.547     0.440988     0.897510      0.002423                  -0.0449         NaN         NaN           
542993.000     1054820.6072    -28.762     23.341     0.442419     0.896789      0.005966                  -0.0448         NaN         NaN           
542994.000     1061023.9662    -28.611     23.137     0.443825     0.896063      0.009468                  -0.0448         NaN         NaN           
542995.000     1067242.0024    -28.463     22.936     0.445208     0.895334      0.012929                  -0.0448         NaN         NaN           
542996.000     1073474.4583    -28.316     22.736     0.446567     0.894601      0.016350                  -0.0447         NaN         NaN           
542997.000     1079721.0638    -28.172     22.537     0.447903     0.893864      0.019731                  -0.0447         NaN         NaN           
542998.000     1085981.5720    -28.029     22.341     0.449218     0.893124      0.023073                  -0.0447         NaN         NaN           
542999.000     1092255.7352    -27.889     22.146     0.450510     0.892382      0.026376                  -0.0446         NaN         NaN           
543000.000     1098543.1207    -27.751     21.953     0.451781     0.891636      0.029641                  -0.0446         NaN         NaN           
543001.000     1104843.8768    -27.614     21.762     0.453031     0.890889      0.032868                  -0.0445         NaN         NaN           
543002.000     1111157.5693    -27.479     21.572     0.454260     0.890139      0.036058                  -0.0445         NaN         NaN           
543003.000     1117483.9759    -27.347     21.384     0.455469     0.889388      0.039211                  -0.0445         NaN         NaN           
543004.000     1123822.8734    -27.215     21.198     0.456658     0.888635      0.042328                  -0.0444         NaN         NaN           
543005.000     1130174.0429    -27.086     21.013     0.457828     0.887880      0.045409                  -0.0444         NaN         NaN           
543006.000     1136537.2700    -26.958     20.830     0.458979     0.887125      0.048455                  -0.0444         NaN         NaN           
543007.000     1142912.3504    -26.833     20.649     0.460111     0.886369      0.051467                  -0.0443         NaN         NaN           
543008.000     1149299.0667    -26.708     20.469     0.461224     0.885612      0.054444                  -0.0443         NaN         NaN           
543009.000     1155697.2230    -26.586     20.290     0.462320     0.884854      0.057388                  -0.0442         NaN         NaN    

627470.894     1155328.1911    150.203     20.030     0.063854     0.900008     -0.431170                  -0.0450         NaN         NaN           
627471.894     1148828.8597    150.102     20.212     0.062183     0.898725     -0.434082                  -0.0449         NaN         NaN           
627472.894     1142340.3160    149.999     20.396     0.060491     0.897417     -0.437017                  -0.0449         NaN         NaN           
627473.894     1135862.7530    149.895     20.581     0.058780     0.896085     -0.439973                  -0.0448         NaN         NaN           
627474.894     1129396.3675    149.789     20.767     0.057048     0.894729     -0.442951                  -0.0447         NaN         NaN           
627475.894     1122941.3608    149.682     20.956     0.055296     0.893347     -0.445952                  -0.0447         NaN         NaN           
627476.894     1116497.9319    149.574     21.146     0.053523     0.891939     -0.448976                  -0.0446         NaN         NaN           
627477.894     1110066.3033    149.464     21.338     0.051729     0.890505     -0.452022                  -0.0445         NaN         NaN           
627478.894     1103646.6829    149.352     21.532     0.049913     0.889045     -0.455092                  -0.0445         NaN         NaN           
627479.894     1097239.2893    149.238     21.727     0.048076     0.887556     -0.458184                  -0.0444         NaN         NaN           
627480.894     1090844.3491    149.123     21.924     0.046216     0.886039     -0.461301                  -0.0443         NaN         NaN           
627481.894     1084462.0843    149.006     22.124     0.044334     0.884494     -0.464441                  -0.0442         NaN         NaN           
627482.894     1078092.7247    148.888     22.325     0.042429     0.882919     -0.467604                  -0.0441         NaN         NaN           
627483.894     1071736.5212    148.767     22.528     0.040500     0.881314     -0.470792                  -0.0441         NaN         NaN           
627484.894     1065393.7108    148.645     22.732     0.038549     0.879678     -0.474004                  -0.0440         NaN         NaN           
627485.894     1059064.5418    148.521     22.939     0.036573     0.878011     -0.477241                  -0.0439         NaN         NaN           
627486.894     1052749.2683    148.395     23.148     0.034573     0.876312     -0.480502                  -0.0438         NaN         NaN           
627487.894     1046448.1496    148.267     23.359     0.032548     0.874580     -0.483788                  -0.0437         NaN         NaN           
627488.894     1040161.4443    148.137     23.571     0.030499     0.872814     -0.487099                  -0.0436         NaN         NaN           
627489.894     1033889.4362    148.005     23.786     0.028424     0.871014     -0.490436                  -0.0436         NaN         NaN           
627490.894     1027632.3957    147.871     24.003     0.026323     0.869178     -0.493798                  -0.0435         NaN         NaN           
627491.894     1021390.6055    147.735     24.222     0.024197     0.867307     -0.497185                  -0.0434         NaN         NaN           
627592.397      564151.7365     98.350     57.938    -0.371502     0.261845     -0.890743                      NaN         NaN     -0.0891           
627593.397      562711.9666     96.985     58.201    -0.376574     0.249481     -0.892161                      NaN         NaN     -0.0892           
627594.397      561366.7838     95.593     58.450    -0.381608     0.237015     -0.893420                      NaN         NaN     -0.0893           
627595.397      560116.8708     94.175     58.685    -0.386600     0.224451     -0.894518                      NaN         NaN     -0.0895           
627596.397      558962.8678     92.732     58.904    -0.391546     0.211796     -0.895452                      NaN         NaN     -0.0895           
627597.397      557905.3707     91.266     59.108    -0.396444     0.199055     -0.896219                      NaN         NaN     -0.0896           
627598.397      556944.9232     89.777     59.295    -0.401289     0.186234     -0.896819                      NaN         NaN     -0.0897           
627599.397      556082.0427     88.268     59.464    -0.406079     0.173340     -0.897247                      NaN         NaN     -0.0897           
627600.397      555317.1779     86.740     59.616    -0.410811     0.160378     -0.897504                      NaN         NaN     -0.0898           
627601.397      554650.7340     85.195     59.750    -0.415482     0.147356     -0.897586                      NaN         NaN     -0.0898           
627602.397      554083.0668     83.634     59.865    -0.420088     0.134279     -0.897494                      NaN         NaN     -0.0897           
627603.397      553614.4802     82.061     59.962    -0.424627     0.121155     -0.897225                      NaN         NaN     -0.0897           
627604.397      553245.2194     80.477     60.039    -0.429096     0.107991     -0.896780                      NaN         NaN     -0.0897           
627605.397      552975.4966     78.885     60.097    -0.433492     0.094793     -0.896158                      NaN         NaN     -0.0896           
627606.397      552805.4507     77.287     60.135    -0.437813     0.081569     -0.895358                      NaN         NaN     -0.0895           
627607.397      552735.1732     75.685     60.153    -0.442056     0.068325     -0.894382                      NaN         NaN     -0.0894           
627608.397      552764.7016     74.083     60.152    -0.446218     0.055070     -0.893228                      NaN         NaN     -0.0893           
627609.397      552894.0195     72.482     60.131    -0.450299     0.041809     -0.891899                      NaN         NaN     -0.0892           
627610.397      553123.0497     70.885     60.090    -0.454294     0.028551     -0.890394                      NaN         NaN     -0.0890           
627611.397      553451.6803     69.294     60.029    -0.458203     0.015303     -0.888716                      NaN         NaN     -0.0889           
627612.397      553879.7266     67.713     59.949    -0.462024     0.002071     -0.886865                      NaN         NaN     -0.0887           
627613.397      554406.9573     66.143     59.850    -0.465755    -0.011138     -0.884844                      NaN         NaN     -0.0885           
627614.397      555033.0884     64.586     59.732    -0.469394    -0.024315     -0.882654                      NaN         NaN     -0.0883           
627615.397      555757.7843     63.045     59.596    -0.472940    -0.037455     -0.880298                      NaN         NaN     -0.0880           
627616.397      556580.6586     61.521     59.441    -0.476393    -0.050550     -0.877778                      NaN         NaN     -0.0878           
627617.397      557501.2688     60.017     59.270    -0.479750    -0.063594     -0.875098                      NaN         NaN     -0.0875           
627618.397      558519.1419     58.534     59.081    -0.483011    -0.076581     -0.872259                      NaN         NaN     -0.0872           
627619.397      559633.7394     57.073     58.876    -0.486175    -0.089503     -0.869266                      NaN         NaN     -0.0869           
627620.397      560844.4825     55.636     58.655    -0.489243    -0.102355     -0.866121                      NaN         NaN     -0.0866                  