414273.131      863386.0348      1.682     31.341     0.292555    -0.404127     -0.866656                      NaN         NaN     -0.0867           
414274.131      857428.1651      1.552     31.645     0.292789    -0.400707     -0.868164                      NaN         NaN     -0.0868           
414275.131      851492.9002      1.420     31.953     0.293016    -0.397218     -0.869689                      NaN         NaN     -0.0870           
414276.131      845580.7240      1.284     32.265     0.293234    -0.393658     -0.871233                      NaN         NaN     -0.0871           
414277.131      839692.1322      1.146     32.580     0.293443    -0.390026     -0.872795                      NaN         NaN     -0.0873           
414278.131      833827.6327      1.004     32.899     0.293643    -0.386320     -0.874375                      NaN         NaN     -0.0874           
414279.131      827987.7451      0.860     33.222     0.293834    -0.382538     -0.875972                      NaN         NaN     -0.0876           
414280.131      822173.0022      0.712     33.549     0.294014    -0.378681     -0.877586                      NaN         NaN     -0.0878           
414281.131      816383.9492      0.561     33.880     0.294184    -0.374745     -0.879217                      NaN         NaN     -0.0879           
414282.131      810621.1442      0.407     34.216     0.294344    -0.370730     -0.880864                      NaN         NaN     -0.0881           
414283.131      804885.1590      0.249     34.555     0.294492    -0.366633     -0.882527                      NaN         NaN     -0.0883           
414284.131      799176.5788      0.087     34.898     0.294628    -0.362454     -0.884207                      NaN         NaN     -0.0884           
414285.131      793496.0031     -0.078     35.246     0.294752    -0.358191     -0.885901                      NaN         NaN     -0.0886           
414286.131      787844.0454     -0.247     35.598     0.294864    -0.353842     -0.887610                      NaN         NaN     -0.0888           
414287.131      782221.3337     -0.421     35.954     0.294962    -0.349405     -0.889333                      NaN         NaN     -0.0889           
414288.131      776628.5111     -0.598     36.314     0.295046    -0.344879     -0.891070                      NaN         NaN     -0.0891           
414289.131      771066.2355     -0.780     36.679     0.295117    -0.340263     -0.892820                      NaN         NaN     -0.0893           
414290.131      765535.1805     -0.966     37.049     0.295172    -0.335553     -0.894582                      NaN         NaN     -0.0895           
414291.131      760036.0356     -1.157     37.423     0.295212    -0.330750     -0.896356                      NaN         NaN     -0.0896           
414292.131      754569.5055     -1.353     37.802     0.295236    -0.325851     -0.898141                      NaN         NaN     -0.0898           
414293.131      749136.3121     -1.554     38.185     0.295243    -0.320854     -0.899936                      NaN         NaN     -0.0900           
414294.131      743737.1933     -1.760     38.574     0.295233    -0.315758     -0.901740                      NaN         NaN     -0.0902           
414295.131      738372.9043     -1.971     38.967     0.295205    -0.310560     -0.903552                      NaN         NaN     -0.0904           
414296.131      733044.2169     -2.188     39.364     0.295159    -0.305260     -0.905372                      NaN         NaN     -0.0905           
414297.131      727751.9207     -2.411     39.767     0.295093    -0.299855     -0.907197                      NaN         NaN     -0.0907           
414298.131      722496.8232     -2.640     40.175     0.295007    -0.294344     -0.909028                      NaN         NaN     -0.0909           
414299.131      717279.7483     -2.875     40.587     0.294900    -0.288724     -0.910864                      NaN         NaN     -0.0911           
414300.131      712101.5440     -3.116     41.005     0.294771    -0.282995     -0.912701                      NaN         NaN     -0.0913           
414301.131      706963.0649     -3.365     41.428     0.294620    -0.277154     -0.914541                      NaN         NaN     -0.0915           
414302.131      701865.1904     -3.620     41.855     0.294446    -0.271199     -0.916380                      NaN         NaN     -0.0916           
414303.131      696808.8212     -3.882     42.288     0.294248    -0.265129     -0.918218                      NaN         NaN     -0.0918           
414304.131      691794.8753     -4.153     42.726     0.294025    -0.258943     -0.920053                      NaN         NaN     -0.0920           
414305.131      686824.2874     -4.431     43.170     0.293776    -0.252637     -0.921884                      NaN         NaN     -0.0922           
414306.131      681898.0132     -4.717     43.618     0.293500    -0.246211     -0.923709                      NaN         NaN     -0.0924           
414307.131      677017.0271     -5.012     44.072     0.293197    -0.239664     -0.925525                      NaN         NaN     -0.0926           
414308.131      672182.3225     -5.317     44.531     0.292865    -0.232992     -0.927332                      NaN         NaN     -0.0927           
414309.131      667394.9119     -5.630     44.996     0.292503    -0.226195     -0.929127                      NaN         NaN     -0.0929           
414310.131      662655.8281     -5.953     45.465     0.292111    -0.219272     -0.930909                      NaN         NaN     -0.0931           
414311.131      657966.1202     -6.287     45.940     0.291687    -0.212220     -0.932674                      NaN         NaN     -0.0933           
414312.131      653326.8591     -6.632     46.420     0.291231    -0.205039     -0.934422                      NaN         NaN     -0.0934           
414313.131      648739.1334     -6.987     46.906     0.290741    -0.197726     -0.936149                      NaN         NaN     -0.0936           
414314.131      644204.0509     -7.355     47.396     0.290215    -0.190281     -0.937853                      NaN         NaN     -0.0938           
414315.131      639722.7376     -7.734     47.892     0.289654    -0.182702     -0.939532                      NaN         NaN     -0.0940           
414316.131      635296.3376     -8.127     48.393     0.289056    -0.174989     -0.941183                      NaN         NaN     -0.0941           
414317.131      630926.0142     -8.533     48.899     0.288420    -0.167139     -0.942803                      NaN         NaN     -0.0943           
414318.131      626612.9447     -8.954     49.410     0.287745    -0.159153     -0.944390                      NaN         NaN     -0.0944           
414319.131      622358.3268     -9.389     49.926     0.287029    -0.151029     -0.945941                      NaN         NaN     -0.0946           
414320.131      618163.3734     -9.840     50.447     0.286271    -0.142766     -0.947453                      NaN         NaN     -0.0947           
414321.131      614029.3134    -10.307     50.972     0.285471    -0.134364     -0.948922                      NaN         NaN     -0.0949           
414322.131      609957.3910    -10.792     51.503     0.284626    -0.125822     -0.950346                      NaN         NaN     -0.0950           
414323.131      605948.8663    -11.295     52.037     0.283736    -0.117141     -0.951720                      NaN         NaN     -0.0952           
414324.131      602005.0084    -11.817     52.576     0.282800    -0.108318     -0.953043                      NaN         NaN     -0.0953           
414325.131      598127.1038    -12.359     53.120     0.281816    -0.099356     -0.954310                      NaN         NaN     -0.0954           
414326.131      594316.4492    -12.923     53.667     0.280783    -0.090253     -0.955518                      NaN         NaN     -0.0956           
414327.131      590574.3518    -13.509     54.218     0.279701    -0.081011     -0.956663                      NaN         NaN     -0.0957           
414328.131      586902.1286    -14.119     54.772     0.278567    -0.071628     -0.957742                      NaN         NaN     -0.0958           
414329.131      583301.1065    -14.753     55.329     0.277380    -0.062107     -0.958751                      NaN         NaN     -0.0959           
414330.131      579772.6169    -15.414     55.890     0.276141    -0.052448     -0.959685                      NaN         NaN     -0.0960           
414331.131      576317.9945    -16.102     56.453     0.274846    -0.042652     -0.960542                      NaN         NaN     -0.0961           
414332.131      572938.5804    -16.820     57.018     0.273496    -0.032720     -0.961316                      NaN         NaN     -0.0961           
414333.131      569635.7200    -17.569     57.586     0.272089    -0.022655     -0.962005                      NaN         NaN     -0.0962           
414334.131      566410.7573    -18.351     58.154     0.270624    -0.012456     -0.962605                      NaN         NaN     -0.0963           
414335.131      563265.0352    -19.168     58.724     0.269100    -0.002128     -0.963110                      NaN         NaN     -0.0963           
414336.131      560199.8956    -20.021     59.294     0.267516     0.008329     -0.963517                      NaN         NaN     -0.0964           
414337.131      557216.6685    -20.913     59.863     0.265872     0.018911     -0.963823                      NaN         NaN     -0.0964           
414338.131      554316.6832    -21.846     60.432     0.264166     0.029615     -0.964022                      NaN         NaN     -0.0964           
414339.131      551501.2573    -22.822     61.000     0.262397     0.040440     -0.964112                      NaN         NaN     -0.0964           
414340.131      548771.6966    -23.844     61.566     0.260566     0.051381     -0.964088                      NaN         NaN     -0.0964           
414341.131      546129.2927    -24.915     62.128     0.258670     0.062434     -0.963946                      NaN         NaN     -0.0964           
414342.131      543575.3234    -26.037     62.687     0.256710     0.073596     -0.963682                      NaN         NaN     -0.0964           
414343.131      541111.0399    -27.212     63.241     0.254686     0.084862     -0.963293                      NaN         NaN     -0.0963           
414344.131      538737.6792    -28.445     63.790     0.252595     0.096229     -0.962775                      NaN         NaN     -0.0963           
414345.131      536456.4520    -29.737     64.331     0.250439     0.107691     -0.962124                      NaN         NaN     -0.0962           
414346.131      534268.5421    -31.092     64.865     0.248217     0.119243     -0.961337                      NaN         NaN     -0.0961           
414347.131      532175.1040    -32.514     65.390     0.245929     0.130880     -0.960411                      NaN         NaN     -0.0960           
414348.131      530177.2631    -34.004     65.904     0.243575     0.142596     -0.959342                      NaN         NaN     -0.0959           
414349.131      528276.1015    -35.566     66.406     0.241155     0.154386     -0.958128                      NaN         NaN     -0.0958           
414350.131      526472.6727    -37.203     66.896     0.238669     0.166243     -0.956766                      NaN         NaN     -0.0957           
414351.131      524767.9874    -38.917     67.370     0.236117     0.178161     -0.955253                      NaN         NaN     -0.0955           
414352.131      523163.0138    -40.711     67.828     0.233499     0.190134     -0.953586                      NaN         NaN     -0.0954           
414353.131      521658.6750    -42.586     68.267     0.230818     0.202154     -0.951765                      NaN         NaN     -0.0952           
414354.131      520255.8500    -44.545     68.686     0.228071     0.214215     -0.949787                      NaN         NaN     -0.0950           
414355.131      518955.3580    -46.586     69.084     0.225262     0.226309     -0.947650                      NaN         NaN     -0.0948           
414356.131      517757.9759    -48.712     69.458     0.222390     0.238429     -0.945354                      NaN         NaN     -0.0945           
414357.131      516664.4228    -50.920     69.806     0.219457     0.250568     -0.942897                      NaN         NaN     -0.0943           
414358.131      515675.3614    -53.208     70.126     0.216463     0.262718     -0.940278                      NaN         NaN     -0.0940           
414359.131      514791.3962    -55.574     70.417     0.213410     0.274871     -0.937498                      NaN         NaN     -0.0937           
414360.131      514013.0718    -58.012     70.676     0.210300     0.287019     -0.934556                      NaN         NaN     -0.0935           
414361.131      513340.8731    -60.517     70.903     0.207133     0.299155     -0.931452                      NaN         NaN     -0.0931           
414362.131      512775.2120    -63.082     71.095     0.203911     0.311271     -0.928187                      NaN         NaN     -0.0928           
414363.131      512316.4467    -65.697     71.251     0.200637     0.323358     -0.924762                      NaN         NaN     -0.0925           
414364.131      511964.8661    -68.355     71.370     0.197312     0.335409     -0.921178                      NaN         NaN     -0.0921           
414365.131      511720.6923    -71.043     71.451     0.193937     0.347416     -0.917437                      NaN         NaN     -0.0917           
414366.131      511584.0802    -73.750     71.493     0.190516     0.359371     -0.913541                      NaN         NaN     -0.0914           
414367.131      511555.1208    -76.465     71.496     0.187049     0.371266     -0.909491                      NaN         NaN     -0.0909           
414368.131      511633.8255    -79.175     71.460     0.183540     0.383094     -0.905291                      NaN         NaN     -0.0905           
414369.131      511820.1492    -81.868     71.386     0.179990     0.394847     -0.900944                      NaN         NaN     -0.0901           
414370.131      512113.9750    -84.532     71.273     0.176402     0.406518     -0.896452                      NaN         NaN     -0.0896           
414371.131      512515.1183    -87.157     71.123     0.172778     0.418099     -0.891819                      NaN         NaN     -0.0892           
414372.131      513023.3277    -89.733     70.936     0.169121     0.429585     -0.887048                      NaN         NaN     -0.0887           
414373.131      513638.2898    -92.250     70.715     0.165433     0.440968     -0.882145                      NaN         NaN     -0.0882           
414374.131      514359.6133    -94.702     70.460     0.161717     0.452241     -0.877112                      NaN         NaN     -0.0877           
414375.131      515186.8555    -97.083     70.174     0.157975     0.463399     -0.871955                      NaN         NaN     -0.0872           
414376.131      516119.5069    -99.387     69.858     0.154211     0.474435     -0.866678                      NaN         NaN     -0.0867           
414443.640      765454.0446   -149.858     36.757    -0.058754     0.874674     -0.481138                  -0.0437         NaN         NaN           
414444.640      770986.7264   -150.043     36.387    -0.060773     0.876717     -0.477152                  -0.0438         NaN         NaN           
414445.640      776550.6893   -150.224     36.021    -0.062761     0.878699     -0.473233                  -0.0439         NaN         NaN           
414446.640      782145.2592   -150.400     35.660    -0.064719     0.880621     -0.469381                  -0.0440         NaN         NaN           
414447.640      787769.7773   -150.573     35.303    -0.066648     0.882485     -0.465594                  -0.0441         NaN         NaN           
414448.640      793423.6004   -150.741     34.951    -0.068547     0.884293     -0.461873                  -0.0442         NaN         NaN           
414449.640      799106.1048   -150.906     34.603    -0.070418     0.886047     -0.458216                  -0.0443         NaN         NaN           
414450.640      804816.6642   -151.066     34.259    -0.072261     0.887747     -0.454624                  -0.0444         NaN         NaN           
414451.640      810554.6880   -151.224     33.920    -0.074076     0.889397     -0.451095                  -0.0445         NaN         NaN           
414452.640      816319.5883   -151.377     33.584    -0.075864     0.890996     -0.447628                  -0.0445         NaN         NaN           
414453.640      822110.7930   -151.528     33.253    -0.077624     0.892546     -0.444224                  -0.0446         NaN         NaN           
414454.640      827927.7433   -151.675     32.925    -0.079358     0.894050     -0.440882                  -0.0447         NaN         NaN           
414455.640      833769.8985   -151.818     32.602    -0.081066     0.895508     -0.437600                  -0.0448         NaN         NaN           
414456.640      839636.7156   -151.959     32.282    -0.082749     0.896921     -0.434378                  -0.0448         NaN         NaN           
414457.640      845527.6793   -152.097     31.966    -0.084406     0.898292     -0.431216                  -0.0449         NaN         NaN           
414458.640      851442.2814   -152.232     31.654    -0.086039     0.899620     -0.428113                  -0.0450         NaN         NaN           
414459.640      857380.0258   -152.364     31.346    -0.087646     0.900908     -0.425068                  -0.0450         NaN         NaN           
414460.640      863340.4280   -152.493     31.041    -0.089230     0.902157     -0.422080                  -0.0451         NaN         NaN           
414461.640      869323.0149   -152.620     30.740    -0.090791     0.903367     -0.419148                  -0.0452         NaN         NaN           
414462.640      875327.3295   -152.744     30.443    -0.092328     0.904540     -0.416273                  -0.0452         NaN         NaN           
414463.640      881352.9107   -152.866     30.149    -0.093842     0.905677     -0.413453                  -0.0453         NaN         NaN           
414464.640      887399.3231   -152.985     29.858    -0.095334     0.906778     -0.410688                  -0.0453         NaN         NaN           
414465.640      893466.1367   -153.102     29.571    -0.096804     0.907846     -0.407976                  -0.0454         NaN         NaN           
414466.640      899552.9313   -153.217     29.287    -0.098252     0.908881     -0.405318                  -0.0454         NaN         NaN           
414467.640      905659.2971   -153.329     29.007    -0.099679     0.909883     -0.402712                  -0.0455         NaN         NaN           
414468.640      911784.8384   -153.439     28.729    -0.101085     0.910854     -0.400158                  -0.0455         NaN         NaN           
414469.640      917929.1542   -153.547     28.455    -0.102470     0.911795     -0.397654                  -0.0456         NaN         NaN           
414470.640      924091.8677   -153.653     28.184    -0.103835     0.912707     -0.395202                  -0.0456         NaN         NaN           
414471.640      930272.6058   -153.758     27.916    -0.105180     0.913590     -0.392799                  -0.0457         NaN         NaN           
414472.640      936471.0043   -153.860     27.651    -0.106505     0.914445     -0.390445                  -0.0457         NaN         NaN           
414473.640      942686.7075   -153.960     27.389    -0.107811     0.915273     -0.388139                  -0.0458         NaN         NaN           
414474.640      948919.3728   -154.059     27.130    -0.109099     0.916075     -0.385881                  -0.0458         NaN         NaN           
414475.640      955168.6509   -154.155     26.874    -0.110367     0.916851     -0.383671                  -0.0458         NaN         NaN           
414476.640      961434.2153   -154.250     26.621    -0.111618     0.917603     -0.381506                  -0.0459         NaN         NaN           
414477.640      967715.7423   -154.344     26.370    -0.112850     0.918330     -0.379387                  -0.0459         NaN         NaN           
414478.640      974012.9153   -154.435     26.122    -0.114065     0.919034     -0.377314                  -0.0460         NaN         NaN           
414479.640      980325.4255   -154.525     25.877    -0.115262     0.919715     -0.375284                  -0.0460         NaN         NaN           
414480.640      986652.9735   -154.614     25.635    -0.116442     0.920374     -0.373299                  -0.0460         NaN         NaN           
414481.640      992995.2589   -154.701     25.395    -0.117606     0.921012     -0.371357                  -0.0461         NaN         NaN           
414482.640      999351.9964   -154.786     25.158    -0.118753     0.921629     -0.369457                  -0.0461         NaN         NaN           
414483.640     1005722.9040   -154.870     24.923    -0.119884     0.922225     -0.367599                  -0.0461         NaN         NaN           
414484.640     1012107.7068   -154.953     24.691    -0.120999     0.922801     -0.365783                  -0.0461         NaN         NaN           
414485.640     1018506.1356   -155.034     24.461    -0.122098     0.923359     -0.364007                  -0.0462         NaN         NaN           
414486.640     1024917.9277   -155.114     24.234    -0.123181     0.923897     -0.362271                  -0.0462         NaN         NaN           
414487.640     1031342.8309   -155.192     24.009    -0.124250     0.924417     -0.360576                  -0.0462         NaN         NaN           
414488.640     1037780.5843   -155.269     23.786    -0.125304     0.924920     -0.358919                  -0.0462         NaN         NaN           
414489.640     1044230.9474   -155.345     23.566    -0.126343     0.925405     -0.357300                  -0.0463         NaN         NaN           
414490.640     1050693.6801   -155.420     23.348    -0.127367     0.925873     -0.355719                  -0.0463         NaN         NaN           
414491.640     1057168.5478   -155.494     23.132    -0.128378     0.926325     -0.354176                  -0.0463         NaN         NaN           
414492.640     1063655.3211   -155.566     22.919    -0.129374     0.926761     -0.352670                  -0.0463         NaN         NaN           
414493.640     1070153.7806   -155.637     22.707    -0.130357     0.927182     -0.351199                  -0.0464         NaN         NaN           
414494.640     1076663.6972   -155.707     22.498    -0.131326     0.927587     -0.349765                  -0.0464         NaN         NaN           
414495.640     1083184.8612   -155.776     22.291    -0.132282     0.927978     -0.348365                  -0.0464         NaN         NaN           
414496.640     1089717.0629   -155.844     22.086    -0.133225     0.928354     -0.347001                  -0.0464         NaN         NaN           
414497.640     1096260.0970   -155.911     21.882    -0.134155     0.928717     -0.345670                  -0.0464         NaN         NaN           
414498.640     1102813.7630   -155.977     21.681    -0.135073     0.929065     -0.344373                  -0.0465         NaN         NaN           
414499.640     1109377.8692   -156.042     21.482    -0.135978     0.929401     -0.343109                  -0.0465         NaN         NaN           
414500.640     1115952.2139   -156.106     21.285    -0.136871     0.929723     -0.341878                  -0.0465         NaN         NaN           
414501.640     1122536.6141   -156.169     21.090    -0.137751     0.930033     -0.340680                  -0.0465         NaN         NaN           
414502.640     1129130.8859   -156.231     20.896    -0.138620     0.930331     -0.339513                  -0.0465         NaN         NaN           
414503.640     1135734.8493   -156.292     20.704    -0.139478     0.930616     -0.338377                  -0.0465         NaN         NaN           
414504.640     1142348.3283   -156.352     20.515    -0.140324     0.930890     -0.337272                  -0.0465         NaN         NaN           
414505.640     1148971.1506   -156.412     20.327    -0.141158     0.931153     -0.336197                  -0.0466         NaN         NaN           
414506.640     1155603.1522   -156.470     20.140    -0.141982     0.931404     -0.335153                  -0.0466         NaN         NaN           
414507.640     1162244.1586   -156.528     19.956    -0.142794     0.931645     -0.334138                  -0.0466         NaN         NaN           

972021.811     1164482.7431    175.619     19.944     0.360990    -0.914142      0.184476                      NaN     -0.0457         NaN           
972022.811     1157844.9740    175.677     20.128     0.360512    -0.914826      0.182000                      NaN     -0.0457         NaN           
972023.811     1151216.0380    175.737     20.314     0.360025    -0.915513      0.179490                      NaN     -0.0458         NaN           
972024.811     1144596.0958    175.797     20.501     0.359531    -0.916203      0.176948                      NaN     -0.0458         NaN           
972025.811     1137985.3121    175.858     20.691     0.359028    -0.916894      0.174371                      NaN     -0.0458         NaN           
972026.811     1131383.8556    175.920     20.882     0.358516    -0.917587      0.171759                      NaN     -0.0459         NaN           
972027.811     1124791.8982    175.983     21.075     0.357996    -0.918281      0.169112                      NaN     -0.0459         NaN           
972028.811     1118209.6160    176.046     21.270     0.357467    -0.918977      0.166429                      NaN     -0.0459         NaN           
972029.811     1111637.1878    176.111     21.466     0.356928    -0.919675      0.163709                      NaN     -0.0460         NaN           
972030.811     1105074.8048    176.176     21.665     0.356380    -0.920374      0.160953                      NaN     -0.0460         NaN           
972031.811     1098522.6448    176.242     21.866     0.355822    -0.921074      0.158158                      NaN     -0.0461         NaN           
972032.811     1091980.9005    176.309     22.068     0.355255    -0.921774      0.155326                      NaN     -0.0461         NaN           
972033.811     1085449.7706    176.378     22.273     0.354677    -0.922476      0.152455                      NaN     -0.0461         NaN           
972034.811     1078929.4557    176.447     22.480     0.354089    -0.923178      0.149544                      NaN     -0.0462         NaN           
972035.811     1072420.1601    176.517     22.688     0.353491    -0.923880      0.146593                      NaN     -0.0462         NaN           
972036.811     1065922.0948    176.588     22.899     0.352881    -0.924583      0.143602                      NaN     -0.0462         NaN           
972037.811     1059435.4736    176.661     23.112     0.352261    -0.925285      0.140569                      NaN     -0.0463         NaN           
972038.811     1052960.5156    176.734     23.327     0.351629    -0.925987      0.137494                      NaN     -0.0463         NaN           
972039.811     1046497.4451    176.808     23.545     0.350985    -0.926689      0.134376                      NaN     -0.0463         NaN           
972040.811     1040046.4914    176.884     23.765     0.350330    -0.927390      0.131215                      NaN     -0.0464         NaN           
972041.811     1033607.8884    176.961     23.987     0.349662    -0.928089      0.128009                      NaN     -0.0464         NaN           
972042.811     1027181.8772    177.039     24.211     0.348982    -0.928788      0.124759                      NaN     -0.0464         NaN           
972043.811     1020768.7027    177.118     24.438     0.348289    -0.929484      0.121463                      NaN     -0.0465         NaN           
972044.811     1014368.6160    177.198     24.667     0.347583    -0.930179      0.118121                      NaN     -0.0465         NaN           
972045.811     1007981.8738    177.280     24.898     0.346864    -0.930872      0.114732                      NaN     -0.0465         NaN           
972046.811     1001608.7392    177.363     25.132     0.346131    -0.931562      0.111294                      NaN     -0.0466         NaN           
972047.811      995249.4810    177.447     25.369     0.345384    -0.932249      0.107809                      NaN     -0.0466         NaN           
972048.811      988904.3740    177.533     25.608     0.344622    -0.932932      0.104273                      NaN     -0.0466         NaN           
972049.811      982573.7009    177.620     25.850     0.343845    -0.933613      0.100687                      NaN     -0.0467         NaN           
972050.811      976257.7494    177.709     26.094     0.343054    -0.934289      0.097051                      NaN     -0.0467         NaN           
972051.811      969956.8145    177.799     26.342     0.342247    -0.934960      0.093362                      NaN     -0.0467         NaN           
972052.811      963671.1983    177.891     26.592     0.341424    -0.935627      0.089621                      NaN     -0.0468         NaN           
972053.811      957401.2099    177.984     26.844     0.340585    -0.936288      0.085825                      NaN     -0.0468         NaN           
972054.811      951147.1654    178.078     27.100     0.339729    -0.936944      0.081976                      NaN     -0.0468         NaN           
972055.811      944909.3894    178.175     27.358     0.338856    -0.937593      0.078071                      NaN     -0.0469         NaN           
972056.811      938688.2133    178.273     27.620     0.337966    -0.938236      0.074109                      NaN     -0.0469         NaN           
972057.811      932483.9767    178.373     27.884     0.337057    -0.938872      0.070091                      NaN     -0.0469         NaN           
972058.811      926297.0271    178.474     28.151     0.336130    -0.939499      0.066014                      NaN     -0.0470         NaN           
972059.811      920127.7206    178.578     28.422     0.335185    -0.940118      0.061878                      NaN     -0.0470         NaN           
972060.811      913976.4262    178.683     28.695     0.334220    -0.940728      0.057683                      NaN     -0.0470         NaN           
972061.811      907843.5126    178.790     28.972     0.333235    -0.941329      0.053426                      NaN     -0.0471         NaN           
972062.811      901729.3624    178.900     29.252     0.332230    -0.941919      0.049107                      NaN     -0.0471         NaN           
972063.811      895634.3665    179.011     29.535     0.331205    -0.942498      0.044725                      NaN     -0.0471         NaN           
972064.811      889558.9257    179.124     29.822     0.330158    -0.943066      0.040280                      NaN     -0.0472         NaN           
972065.811      883503.4517    179.240     30.112     0.329089    -0.943621      0.035769                      NaN     -0.0472         NaN           
972066.811      877468.3603    179.358     30.405     0.327998    -0.944163      0.031192                      NaN     -0.0472         NaN           
972067.811      871454.0838    179.478     30.702     0.326884    -0.944692      0.026549                      NaN     -0.0472         NaN           
972068.811      865461.0652    179.600     31.003     0.325746    -0.945205      0.021837                      NaN     -0.0473         NaN           
972069.811      859489.7561    179.725     31.307     0.324584    -0.945703      0.017056                      NaN     -0.0473         NaN           
972070.811      853540.6190    179.853     31.615     0.323398    -0.946184      0.012205                      NaN     -0.0473         NaN           
972071.811      847614.1277    179.983     31.926     0.322186    -0.946648      0.007282                      NaN     -0.0473         NaN           
972072.811      841710.7674   -179.884     32.241     0.320949    -0.947094      0.002288                      NaN     -0.0474         NaN           
972073.811      835831.0351   -179.749     32.560     0.319684    -0.947520     -0.002781                      NaN     -0.0474         NaN           
972074.811      829975.4398   -179.611     32.883     0.318393    -0.947926     -0.007923                      NaN     -0.0474         NaN           
972075.811      824144.5027   -179.469     33.210     0.317074    -0.948310     -0.013142                      NaN     -0.0474         NaN           
972076.811      818338.7575   -179.325     33.541     0.315726    -0.948671     -0.018437                      NaN     -0.0474         NaN           
972077.811      812558.7510   -179.178     33.876     0.314349    -0.949009     -0.023810                      NaN     -0.0475         NaN           
972078.811      806805.0431   -179.027     34.216     0.312941    -0.949322     -0.029262                      NaN     -0.0475         NaN           
972079.811      801078.2069   -178.873     34.559     0.311503    -0.949608     -0.034794                      NaN     -0.0475         NaN           
972080.811      795378.8298   -178.716     34.907     0.310034    -0.949866     -0.040407                      NaN     -0.0475         NaN           
972081.811      789707.5124   -178.555     35.259     0.308532    -0.950096     -0.046102                      NaN     -0.0475         NaN           
972082.811      784064.8702   -178.390     35.615     0.306997    -0.950295     -0.051881                      NaN     -0.0475         NaN           
972083.811      778451.5332   -178.222     35.976     0.305428    -0.950463     -0.057744                      NaN     -0.0475         NaN           
972084.811      772868.1465   -178.049     36.342     0.303825    -0.950596     -0.063693                      NaN     -0.0475         NaN           
972085.811      767315.3701   -177.873     36.712     0.302186    -0.950695     -0.069728                      NaN     -0.0475         NaN           
972086.811      761793.8802   -177.692     37.086     0.300511    -0.950758     -0.075851                      NaN     -0.0475         NaN           
972087.811      756304.3674   -177.507     37.465     0.298798    -0.950782     -0.082063                      NaN     -0.0475         NaN           
972088.811      750847.5398   -177.317     37.849     0.297047    -0.950765     -0.088364                      NaN     -0.0475         NaN           
972089.811      745424.1213   -177.122     38.238     0.295257    -0.950707     -0.094757                      NaN     -0.0475         NaN           
972090.811      740034.8569   -176.923     38.632     0.293427    -0.950605     -0.101241                      NaN     -0.0475         NaN           
972091.811      734680.4991   -176.719     39.031     0.291556    -0.950458     -0.107818                      NaN     -0.0475         NaN           
972092.811      729361.8198   -176.509     39.434     0.289644    -0.950263     -0.114489                      NaN     -0.0475         NaN           
972093.811      724079.6157   -176.294     39.843     0.287688    -0.950017     -0.121254                      NaN     -0.0475         NaN           
972094.811      718834.6955   -176.073     40.257     0.285689    -0.949720     -0.128115                      NaN     -0.0475         NaN           
972095.811      713627.8876   -175.846     40.676     0.283644    -0.949369     -0.135072                      NaN     -0.0475         NaN           
972096.811      708460.0383   -175.613     41.100     0.281555    -0.948961     -0.142126                      NaN     -0.0474         NaN           
972097.811      703332.0121   -175.373     41.529     0.279418    -0.948494     -0.149278                      NaN     -0.0474         NaN           
972098.811      698244.6921   -175.127     41.964     0.277233    -0.947967     -0.156529                      NaN     -0.0474         NaN           
972099.811      693198.9809   -174.874     42.404     0.275000    -0.947375     -0.163879                      NaN     -0.0474         NaN           
972100.811      688195.7978   -174.613     42.849     0.272716    -0.946717     -0.171328                      NaN     -0.0473         NaN           
972101.811      683236.0832   -174.345     43.300     0.270382    -0.945990     -0.178879                      NaN     -0.0473         NaN           
972102.811      678320.7962   -174.070     43.756     0.267995    -0.945191     -0.186529                      NaN     -0.0473         NaN           
972103.811      673450.9150   -173.785     44.218     0.265556    -0.944317     -0.194281                      NaN     -0.0472         NaN           
972104.811      668627.4369   -173.493     44.685     0.263062    -0.943366     -0.202135                      NaN     -0.0472         NaN           
972105.811      663851.3799   -173.191     45.158     0.260513    -0.942335     -0.210090                      NaN     -0.0471         NaN           
972106.811      659123.7778   -172.880     45.636     0.257908    -0.941220     -0.218147                      NaN     -0.0471         NaN           
972107.811      654445.6869   -172.559     46.119     0.255245    -0.940019     -0.226305                      NaN     -0.0470         NaN           
972108.811      649818.1816   -172.227     46.609     0.252524    -0.938728     -0.234566                      NaN     -0.0469         NaN           
972109.811      645242.3552   -171.885     47.103     0.249744    -0.937344     -0.242928                      NaN     -0.0469         NaN           
972110.811      640719.3198   -171.532     47.603     0.246903    -0.935864     -0.251391                      NaN     -0.0468         NaN           
972111.811      636250.2076   -171.167     48.109     0.244000    -0.934285     -0.259954                      NaN     -0.0467         NaN           
972112.811      631836.1647   -170.789     48.620     0.241035    -0.932602     -0.268618                      NaN     -0.0466         NaN           
972113.811      627478.3595   -170.398     49.137     0.238006    -0.930813     -0.277381                      NaN     -0.0465         NaN           
972114.811      623177.9763   -169.994     49.658     0.234913    -0.928914     -0.286243                      NaN     -0.0464         NaN           
972115.811      618936.2165   -169.575     50.186     0.231754    -0.926901     -0.295202                      NaN     -0.0463         NaN           
972116.811      614754.2980   -169.141     50.718     0.228529    -0.924771     -0.304258                      NaN     -0.0462         NaN           
972117.811      610633.4548   -168.691     51.255     0.225237    -0.922520     -0.313408                      NaN     -0.0461         NaN           
972118.811      606574.9373   -168.224     51.798     0.221877    -0.920145     -0.322652                      NaN     -0.0460         NaN           
972119.811      602580.0061   -167.739     52.345     0.218447    -0.917641     -0.331988                      NaN     -0.0459         NaN           
972120.811      598649.9432   -167.236     52.897     0.214949    -0.915005     -0.341413                      NaN     -0.0458         NaN           
972121.811      594786.0329   -166.713     53.454     0.211379    -0.912233     -0.350926                      NaN     -0.0456         NaN           
972122.811      590989.5771   -166.169     54.014     0.207739    -0.909322     -0.360525                      NaN     -0.0455         NaN           
972123.811      587261.8895   -165.604     54.580     0.204027    -0.906267     -0.370206                      NaN     -0.0453         NaN           
972124.811      583604.2934   -165.015     55.149     0.200243    -0.903066     -0.379968                      NaN     -0.0452         NaN           
972125.811      580018.1147   -164.401     55.722     0.196387    -0.899713     -0.389806                      NaN     -0.0450         NaN           
972126.811      576504.6916   -163.762     56.298     0.192457    -0.896206     -0.399719                      NaN     -0.0448         NaN           
972127.811      573065.3657   -163.095     56.877     0.188454    -0.892541     -0.409702                      NaN     -0.0446         NaN           
972128.811      569701.4822   -162.399     57.459     0.184378    -0.888714     -0.419752                      NaN     -0.0444         NaN           
972129.811      566414.3887   -161.672     58.044     0.180228    -0.884722     -0.429865                      NaN     -0.0442         NaN           
972130.811      563205.4348   -160.913     58.630     0.176005    -0.880562     -0.440037                      NaN     -0.0440         NaN           
972131.811      560075.9624   -160.118     59.218     0.171708    -0.876230     -0.450264                      NaN     -0.0438         NaN           
972132.811      557027.3162   -159.287     59.808     0.167337    -0.871723     -0.460540                      NaN     -0.0436         NaN           
972133.811      554060.8332   -158.417     60.397     0.162894    -0.867038     -0.470861                      NaN     -0.0434         NaN           
972177.811      520108.5967    -65.754     68.964    -0.077768    -0.485129     -0.870978                      NaN         NaN     -0.0871           
972178.811      521681.1022    -63.889     68.486    -0.083255    -0.473718     -0.876732                      NaN         NaN     -0.0877           
972179.811      523353.6220    -62.113     67.992    -0.088693    -0.462287     -0.882283                      NaN         NaN     -0.0882           
972180.811      525125.1957    -60.423     67.483    -0.094081    -0.450843     -0.887631                      NaN         NaN     -0.0888           
972181.811      526994.8270    -58.817     66.960    -0.099416    -0.439393     -0.892777                      NaN         NaN     -0.0893           
972182.811      528961.4649    -57.290     66.425    -0.104694    -0.427944     -0.897721                      NaN         NaN     -0.0898           
972183.811      531024.0313    -55.838     65.879    -0.109916    -0.416504     -0.902465                      NaN         NaN     -0.0902           
972184.811      533181.4090    -54.458     65.325    -0.115078    -0.405079     -0.907010                      NaN         NaN     -0.0907           
972185.811      535432.4483    -53.146     64.763    -0.120178    -0.393677     -0.911359                      NaN         NaN     -0.0911           
972186.811      537775.9691    -51.899     64.195    -0.125216    -0.382303     -0.915514                      NaN         NaN     -0.0916           
972187.811      540210.7680    -50.712     63.621    -0.130190    -0.370964     -0.919476                      NaN         NaN     -0.0919           
972188.811      542735.6037    -49.583     63.043    -0.135098    -0.359667     -0.923249                      NaN         NaN     -0.0923           
972189.811      545349.2258    -48.508     62.462    -0.139940    -0.348415     -0.926835                      NaN         NaN     -0.0927           
972190.811      548050.3595    -47.484     61.878    -0.144713    -0.337217     -0.930238                      NaN         NaN     -0.0930           
972191.811      550837.7131    -46.507     61.292    -0.149418    -0.326076     -0.933461                      NaN         NaN     -0.0933           
972192.811      553709.9798    -45.577     60.705    -0.154053    -0.314997     -0.936506                      NaN         NaN     -0.0937           
972193.811      556665.8451    -44.689     60.118    -0.158618    -0.303986     -0.939379                      NaN         NaN     -0.0939           
972194.811      559703.9708    -43.841     59.531    -0.163113    -0.293047     -0.942081                      NaN         NaN     -0.0942           
972195.811      562823.0243    -43.030     58.945    -0.167536    -0.282185     -0.944618                      NaN         NaN     -0.0945           
972196.811      566021.6628    -42.256     58.361    -0.171888    -0.271403     -0.946993                      NaN         NaN     -0.0947           
972197.811      569298.5397    -41.515     57.778    -0.176168    -0.260704     -0.949209                      NaN         NaN     -0.0949           
972198.811      572652.3069    -40.806     57.197    -0.180376    -0.250094     -0.951272                      NaN         NaN     -0.0951           
972199.811      576081.6160    -40.126     56.619    -0.184513    -0.239574     -0.953184                      NaN         NaN     -0.0953           
972200.811      579585.1255    -39.475     56.044    -0.188578    -0.229148     -0.954950                      NaN         NaN     -0.0955           
972201.811      583161.4836    -38.851     55.473    -0.192572    -0.218819     -0.956574                      NaN         NaN     -0.0957           
972202.811      586809.3574    -38.251     54.905    -0.196494    -0.208589     -0.958061                      NaN         NaN     -0.0958           
972203.811      590527.4158    -37.676     54.340    -0.200346    -0.198461     -0.959414                      NaN         NaN     -0.0959           
972204.811      594314.3359    -37.122     53.780    -0.204128    -0.188436     -0.960637                      NaN         NaN     -0.0961           
972205.811      598168.8043    -36.590     53.224    -0.207839    -0.178516     -0.961735                      NaN         NaN     -0.0962           
972206.811      602089.5223    -36.079     52.673    -0.211482    -0.168704     -0.962712                      NaN         NaN     -0.0963           
972207.811      606075.1892    -35.586     52.126    -0.215055    -0.159000     -0.963572                      NaN         NaN     -0.0964           
972208.811      610124.5308    -35.111     51.584    -0.218561    -0.149406     -0.964318                      NaN         NaN     -0.0964           
972209.811      614236.2817    -34.654     51.047    -0.221999    -0.139922     -0.964955                      NaN         NaN     -0.0965           
972210.811      618409.1874    -34.213     50.516    -0.225371    -0.130551     -0.965487                      NaN         NaN     -0.0965           
972211.811      622642.0164    -33.788     49.989    -0.228677    -0.121292     -0.965917                      NaN         NaN     -0.0966           
972212.811      626933.5550    -33.377     49.467    -0.231918    -0.112146     -0.966249                      NaN         NaN     -0.0966           
972213.811      631282.5880    -32.980     48.951    -0.235096    -0.103114     -0.966487                      NaN         NaN     -0.0966           
972214.811      635687.9334    -32.596     48.440    -0.238210    -0.094195     -0.966635                      NaN         NaN     -0.0967           
972215.811      640148.4222    -32.226     47.935    -0.241262    -0.085391     -0.966696                      NaN         NaN     -0.0967           
972216.811      644662.9033    -31.867     47.434    -0.244253    -0.076700     -0.966673                      NaN         NaN     -0.0967           
972217.811      649230.2438    -31.520     46.940    -0.247183    -0.068123     -0.966571                      NaN         NaN     -0.0967           
972218.811      653849.3294    -31.184     46.451    -0.250055    -0.059660     -0.966392                      NaN         NaN     -0.0966           
972219.811      658519.0689    -30.858     45.967    -0.252868    -0.051310     -0.966139                      NaN         NaN     -0.0966           
972220.811      663238.3768    -30.542     45.489    -0.255624    -0.043073     -0.965816                      NaN         NaN     -0.0966           
972221.811      668006.2002    -30.236     45.016    -0.258324    -0.034948     -0.965426                      NaN         NaN     -0.0965           
972222.811      672821.5007    -29.939     44.549    -0.260968    -0.026935     -0.964972                      NaN         NaN     -0.0965           
972223.811      677683.2595    -29.651     44.087    -0.263559    -0.019033     -0.964456                      NaN         NaN     -0.0964           
972224.811      682590.4769    -29.372     43.631    -0.266096    -0.011242     -0.963881                      NaN         NaN     -0.0964           
972225.811      687542.1770    -29.100     43.180    -0.268581    -0.003560     -0.963251                      NaN         NaN     -0.0963           
972226.811      692537.3896    -28.836     42.735    -0.271015     0.004014     -0.962567                      NaN         NaN     -0.0963           
972227.811      697575.1774    -28.580     42.295    -0.273399     0.011480     -0.961832                      NaN         NaN     -0.0962           
972228.811      702654.6174    -28.330     41.860    -0.275734     0.018840     -0.961049                      NaN         NaN     -0.0961           
972229.811      707774.8057    -28.088     41.430    -0.278021     0.026094     -0.960221                      NaN         NaN     -0.0960           
972230.811      712934.8571    -27.852     41.006    -0.280260     0.033243     -0.959348                      NaN         NaN     -0.0959           
972231.811      718133.9095    -27.622     40.587    -0.282454     0.040289     -0.958434                      NaN         NaN     -0.0958           
972232.811      723371.1058    -27.398     40.173    -0.284603     0.047233     -0.957481                      NaN         NaN     -0.0957           
972233.811      728645.6204    -27.180     39.764    -0.286707     0.054076     -0.956491                      NaN         NaN     -0.0956           
972234.811      733956.6415    -26.968     39.360    -0.288769     0.060819     -0.955465                      NaN         NaN     -0.0955           
972235.811      739303.3748    -26.761     38.961    -0.290788     0.067463     -0.954406                      NaN         NaN     -0.0954           
972236.811      744685.0437    -26.559     38.568    -0.292766     0.074011     -0.953316                      NaN         NaN     -0.0953           
972237.811      750100.8930    -26.362     38.178    -0.294703     0.080462     -0.952195                      NaN         NaN     -0.0952           
972238.811      755550.1714    -26.170     37.794    -0.296601     0.086819     -0.951047                      NaN         NaN     -0.0951           
972239.811      761032.1576    -25.982     37.415    -0.298461     0.093082     -0.949872                      NaN         NaN     -0.0950           
972240.811      766546.1377    -25.799     37.040    -0.300283     0.099253     -0.948672                      NaN         NaN     -0.0949           
972241.811      772091.4238    -25.621     36.670    -0.302068     0.105333     -0.947449                      NaN         NaN     -0.0947           
972242.811      777667.3413    -25.446     36.304    -0.303817     0.111324     -0.946204                      NaN         NaN     -0.0946           
972243.811      783273.2248    -25.276     35.943    -0.305530     0.117227     -0.944939                      NaN         NaN     -0.0945           
972244.811      788908.4320    -25.109     35.586    -0.307210     0.123043     -0.943654                      NaN         NaN     -0.0944           
972245.811      794572.3227    -24.946     35.234    -0.308856     0.128773     -0.942351                      NaN         NaN     -0.0942           
972246.811      800264.2841    -24.787     34.886    -0.310469     0.134419     -0.941032                      NaN         NaN     -0.0941           
972247.811      805983.7139    -24.631     34.543    -0.312050     0.139983     -0.939697                      NaN         NaN     -0.0940           
972248.811      811730.0234    -24.479     34.203    -0.313600     0.145464     -0.938347                      NaN         NaN     -0.0938           
972249.811      817502.6380    -24.330     33.868    -0.315119     0.150866     -0.936984                      NaN         NaN     -0.0937           
972250.811      823301.0007    -24.184     33.537    -0.316609     0.156188     -0.935609                      NaN         NaN     -0.0936           
972251.811      829124.5547    -24.041     33.209    -0.318069     0.161433     -0.934222                      NaN         NaN     -0.0934           
972252.811      834972.7693    -23.901     32.886    -0.319501     0.166602     -0.932825                      NaN         NaN     -0.0933           
972253.811      840845.1218    -23.764     32.567    -0.320905     0.171695     -0.931419                      NaN         NaN     -0.0931           
972254.811      846741.1020    -23.629     32.251    -0.322282     0.176715     -0.930003                      NaN         NaN     -0.0930           
972255.811      852660.2117    -23.498     31.940    -0.323633     0.181661     -0.928580                      NaN         NaN     -0.0929           
972256.811      858601.9687    -23.369     31.632    -0.324958     0.186537     -0.927150                      NaN         NaN     -0.0927           
972257.811      864565.8895    -23.243     31.327    -0.326257     0.191342     -0.925713                      NaN         NaN     -0.0926           
972258.811      870551.5146    -23.119     31.027    -0.327532     0.196078     -0.924270                      NaN         NaN     -0.0924           
972259.811      876558.3912    -22.997     30.730    -0.328783     0.200746     -0.922823                      NaN         NaN     -0.0923           
972260.811      882586.0773    -22.878     30.436    -0.330011     0.205348     -0.921371                      NaN         NaN     -0.0921           
972261.811      888634.1412    -22.761     30.146    -0.331215     0.209884     -0.919916                      NaN         NaN     -0.0920           
972262.811      894702.1613    -22.646     29.859    -0.332398     0.214355     -0.918457                      NaN         NaN     -0.0918           
972263.811      900789.7305    -22.534     29.576    -0.333558     0.218764     -0.916996                      NaN         NaN     -0.0917           
972264.811      906896.4383    -22.423     29.295    -0.334697     0.223110     -0.915533                      NaN         NaN     -0.0916           
972265.811      913021.8966    -22.314     29.019    -0.335815     0.227395     -0.914068                      NaN         NaN     -0.0914           
972266.811      919165.7223    -22.208     28.745    -0.336913     0.231620     -0.912602                      NaN         NaN     -0.0913           
972267.811      925327.5410    -22.103     28.474    -0.337992     0.235786     -0.911135                      NaN         NaN     -0.0911           
972268.811      931506.9876    -22.000     28.207    -0.339050     0.239894     -0.909668                      NaN         NaN     -0.0910           
972269.811      937703.7092    -21.899     27.942    -0.340090     0.243945     -0.908201                      NaN         NaN     -0.0908           
972270.811      943917.3441    -21.800     27.681    -0.341112     0.247940     -0.906735                      NaN         NaN     -0.0907           
972271.811      950147.5615    -21.702     27.422    -0.342115     0.251880     -0.905270                      NaN         NaN     -0.0905           
972272.811      956394.0271    -21.607     27.166    -0.343101     0.255766     -0.903806                      NaN         NaN     -0.0904           
972273.811      962656.4209    -21.512     26.913    -0.344069     0.259600     -0.902344                      NaN         NaN     -0.0902           
972274.811      968934.4244    -21.420     26.663    -0.345021     0.263381     -0.900883                      NaN         NaN     -0.0901           
972275.811      975227.7254    -21.328     26.416    -0.345957     0.267111     -0.899425                      NaN         NaN     -0.0899           
972276.811      981536.0256    -21.239     26.171    -0.346876     0.270790     -0.897970                      NaN         NaN     -0.0898           
972277.811      987859.0207    -21.150     25.930    -0.347780     0.274421     -0.896517                      NaN         NaN     -0.0897           
972278.811      994196.4261    -21.064     25.690    -0.348668     0.278003     -0.895067                      NaN         NaN     -0.0895           
972279.811     1000547.9593    -20.978     25.453    -0.349542     0.281537     -0.893620                      NaN         NaN     -0.0894           
972280.811     1006913.3445    -20.894     25.219    -0.350401     0.285024     -0.892177                      NaN         NaN     -0.0892           
972281.811     1013292.3121    -20.811     24.987    -0.351246     0.288466     -0.890738                      NaN         NaN     -0.0891           
972282.811     1019684.6027    -20.730     24.758    -0.352077     0.291862     -0.889302                      NaN         NaN     -0.0889           
972283.811     1026089.9506    -20.650     24.531    -0.352894     0.295214     -0.887871                      NaN         NaN     -0.0888           
972284.811     1032508.1083    -20.571     24.307    -0.353698     0.298522     -0.886443                      NaN         NaN     -0.0886           
972285.811     1038938.8297    -20.493     24.085    -0.354489     0.301788     -0.885021                      NaN         NaN     -0.0885           
972286.811     1045381.8744    -20.416     23.865    -0.355268     0.305011     -0.883602                      NaN         NaN     -0.0884           
972287.811     1051837.0073    -20.341     23.647    -0.356034     0.308194     -0.882189                      NaN         NaN     -0.0882           
972288.811     1058304.0026    -20.266     23.432    -0.356788     0.311335     -0.880780                      NaN         NaN     -0.0881           
972289.811     1064782.6275    -20.193     23.219    -0.357530     0.314437     -0.879376                      NaN         NaN     -0.0879           
972290.811     1071272.6664    -20.121     23.008    -0.358260     0.317500     -0.877977                      NaN         NaN     -0.0878           
972291.811     1077773.9043    -20.050     22.799    -0.358980     0.320524     -0.876583                      NaN         NaN     -0.0877           
972292.811     1084286.1312    -19.980     22.592    -0.359688     0.323510     -0.875195                      NaN         NaN     -0.0875           
972293.811     1090809.1415    -19.911     22.387    -0.360385     0.326459     -0.873812                      NaN         NaN     -0.0874           
972294.811     1097342.7382    -19.842     22.185    -0.361072     0.329371     -0.872434                      NaN         NaN     -0.0872           
972295.811     1103886.7168    -19.775     21.984    -0.361749     0.332248     -0.871062                      NaN         NaN     -0.0871           
972296.811     1110440.8889    -19.709     21.785    -0.362415     0.335089     -0.869695                      NaN         NaN     -0.0870           
972297.811     1117005.0663    -19.643     21.588    -0.363072     0.337896     -0.868335                      NaN         NaN     -0.0868           
972298.811     1123579.0649    -19.579     21.393    -0.363719     0.340669     -0.866979                      NaN         NaN     -0.0867           

