566709.771      723363.0544    -16.432     40.205     0.399842    -0.297374     -0.867004                      NaN         NaN     -0.0867           
566710.771      718829.4272    -16.878     40.563     0.402013    -0.290967     -0.868173                      NaN         NaN     -0.0868           
566711.771      714344.0266    -17.335     40.923     0.404183    -0.284447     -0.869325                      NaN         NaN     -0.0869           
566712.771      709907.7756    -17.803     41.285     0.406351    -0.277813     -0.870459                      NaN         NaN     -0.0870           
566713.771      705521.6022    -18.282     41.649     0.408515    -0.271066     -0.871573                      NaN         NaN     -0.0872           
566714.771      701186.4547    -18.772     42.015     0.410674    -0.264202     -0.872665                      NaN         NaN     -0.0873           
566715.771      696903.2916    -19.275     42.383     0.412828    -0.257223     -0.873733                      NaN         NaN     -0.0874           
566716.771      692673.0831    -19.789     42.753     0.414975    -0.250126     -0.874776                      NaN         NaN     -0.0875           
566717.771      688496.8110    -20.317     43.124     0.417114    -0.242911     -0.875791                      NaN         NaN     -0.0876           
566718.771      684375.4717    -20.857     43.497     0.419244    -0.235577     -0.876777                      NaN         NaN     -0.0877           
566719.771      680310.0633    -21.411     43.871     0.421363    -0.228123     -0.877732                      NaN         NaN     -0.0878           
566720.771      676301.6030    -21.979     44.247     0.423471    -0.220550     -0.878653                      NaN         NaN     -0.0879           
566721.771      672351.1151    -22.561     44.623     0.425564    -0.212856     -0.879538                      NaN         NaN     -0.0880           
566722.771      668459.6328    -23.157     45.000     0.427644    -0.205041     -0.880386                      NaN         NaN     -0.0880           
566723.771      664628.1981    -23.768     45.378     0.429706    -0.197104     -0.881194                      NaN         NaN     -0.0881           
566724.771      660857.8608    -24.395     45.757     0.431751    -0.189046     -0.881959                      NaN         NaN     -0.0882           
566725.771      657149.6812    -25.038     46.135     0.433777    -0.180867     -0.882680                      NaN         NaN     -0.0883           
566726.771      653504.7159    -25.697     46.514     0.435782    -0.172566     -0.883354                      NaN         NaN     -0.0883           
566727.771      649924.0370    -26.373     46.892     0.437764    -0.164144     -0.883979                      NaN         NaN     -0.0884           
566728.771      646408.7179    -27.066     47.270     0.439722    -0.155601     -0.884552                      NaN         NaN     -0.0885           
566729.771      642959.8356    -27.777     47.647     0.441654    -0.146937     -0.885071                      NaN         NaN     -0.0885           
566730.771      639578.4724    -28.506     48.024     0.443558    -0.138153     -0.885534                      NaN         NaN     -0.0886           
566731.771      636265.7109    -29.253     48.398     0.445432    -0.129250     -0.885937                      NaN         NaN     -0.0886           
566732.771      633022.6240    -30.020     48.772     0.447275    -0.120229     -0.886279                      NaN         NaN     -0.0886           
566733.771      629850.2958    -30.805     49.143     0.449085    -0.111090     -0.886556                      NaN         NaN     -0.0887           
566734.771      626749.8071    -31.611     49.512     0.450859    -0.101836     -0.886767                      NaN         NaN     -0.0887           
566735.771      623722.2337    -32.437     49.878     0.452597    -0.092466     -0.886908                      NaN         NaN     -0.0887           
566736.771      620768.6469    -33.284     50.241     0.454295    -0.082983     -0.886978                      NaN         NaN     -0.0887           
566737.771      617890.1160    -34.152     50.601     0.455952    -0.073389     -0.886973                      NaN         NaN     -0.0887           
566738.771      615087.6908    -35.042     50.957     0.457566    -0.063685     -0.886892                      NaN         NaN     -0.0887           
566739.771      612362.4243    -35.953     51.309     0.459136    -0.053874     -0.886731                      NaN         NaN     -0.0887           
566740.771      609715.3553    -36.887     51.655     0.460658    -0.043958     -0.886488                      NaN         NaN     -0.0886           
566741.771      607147.5104    -37.843     51.997     0.462132    -0.033938     -0.886162                      NaN         NaN     -0.0886           
566742.771      604659.9028    -38.822     52.333     0.463554    -0.023819     -0.885748                      NaN         NaN     -0.0886           
566743.771      602253.5304    -39.824     52.663     0.464924    -0.013603     -0.885246                      NaN         NaN     -0.0885           
566744.771      599929.3788    -40.849     52.987     0.466239    -0.003292     -0.884652                      NaN         NaN     -0.0885           
566745.771      597688.4018    -41.897     53.303     0.467498     0.007110     -0.883966                      NaN         NaN     -0.0884           
566746.771      595531.5462    -42.969     53.612     0.468697     0.017599     -0.883183                      NaN         NaN     -0.0883           
566747.771      593459.7324    -44.064     53.913     0.469837     0.028172     -0.882304                      NaN         NaN     -0.0882           
566748.771      591473.8574    -45.183     54.204     0.470914     0.038825     -0.881325                      NaN         NaN     -0.0881           
566749.771      589574.7925    -46.325     54.487     0.471926     0.049554     -0.880244                      NaN         NaN     -0.0880           
566750.771      587763.3871    -47.490     54.760     0.472873     0.060354     -0.879061                      NaN         NaN     -0.0879           
566751.771      586040.4472    -48.677     55.023     0.473753     0.071223     -0.877773                      NaN         NaN     -0.0878           
566752.771      584406.7628    -49.887     55.275     0.474563     0.082154     -0.876379                      NaN         NaN     -0.0876           
566753.771      582863.0870    -51.119     55.515     0.475302     0.093144     -0.874878                      NaN         NaN     -0.0875           
566754.771      581410.1393    -52.372     55.744     0.475970     0.104187     -0.873269                      NaN         NaN     -0.0873           
566755.771      580048.6038    -53.645     55.960     0.476563     0.115279     -0.871549                      NaN         NaN     -0.0872           
566756.771      578779.1334    -54.938     56.163     0.477082     0.126414     -0.869720                      NaN         NaN     -0.0870           
566757.771      577602.3266    -56.251     56.353     0.477524     0.137587     -0.867779                      NaN         NaN     -0.0868           
566875.494      971343.9278   -141.693     26.307     0.240211     0.878065     -0.413884                  -0.0439         NaN         NaN           
566876.494      977352.1024   -141.867     26.072     0.238320     0.879531     -0.411860                  -0.0440         NaN         NaN           
566877.494      983379.2658   -142.039     25.839     0.236446     0.880962     -0.409876                  -0.0440         NaN         NaN           
566878.494      989425.0699   -142.207     25.608     0.234590     0.882359     -0.407933                  -0.0441         NaN         NaN           
566879.494      995489.1678   -142.373     25.379     0.232752     0.883723     -0.406029                  -0.0442         NaN         NaN           
566880.494     1001571.2168   -142.537     25.152     0.230932     0.885055     -0.404164                  -0.0443         NaN         NaN           
566881.494     1007670.8907   -142.697     24.928     0.229129     0.886354     -0.402338                  -0.0443         NaN         NaN           
566882.494     1013787.8671   -142.855     24.706     0.227343     0.887623     -0.400551                  -0.0444         NaN         NaN           
566883.494     1019921.8149   -143.011     24.485     0.225574     0.888861     -0.398801                  -0.0444         NaN         NaN           
566884.494     1026072.4285   -143.164     24.267     0.223823     0.890070     -0.397088                  -0.0445         NaN         NaN           
566885.494     1032239.4026   -143.315     24.051     0.222088     0.891250     -0.395412                  -0.0446         NaN         NaN           
566886.494     1038422.4381   -143.463     23.837     0.220370     0.892401     -0.393773                  -0.0446         NaN         NaN           
566887.494     1044621.2424   -143.609     23.625     0.218668     0.893525     -0.392169                  -0.0447         NaN         NaN           
566888.494     1050835.5290   -143.753     23.415     0.216983     0.894622     -0.390601                  -0.0447         NaN         NaN           
566889.494     1057065.0234   -143.895     23.207     0.215314     0.895693     -0.389068                  -0.0448         NaN         NaN           
566890.494     1063309.4385   -144.034     23.000     0.213662     0.896738     -0.387570                  -0.0448         NaN         NaN           
566891.494     1069568.5115   -144.172     22.796     0.212025     0.897757     -0.386105                  -0.0449         NaN         NaN           
566892.494     1075841.9789   -144.307     22.593     0.210404     0.898752     -0.384675                  -0.0449         NaN         NaN           
566893.494     1082129.5829   -144.441     22.393     0.208799     0.899723     -0.383277                  -0.0450         NaN         NaN           
566894.494     1088431.0707   -144.572     22.194     0.207209     0.900670     -0.381913                  -0.0450         NaN         NaN           
566895.494     1094746.2011   -144.701     21.997     0.205634     0.901595     -0.380581                  -0.0451         NaN         NaN           
566896.494     1101074.7195   -144.829     21.802     0.204075     0.902496     -0.379281                  -0.0451         NaN         NaN           
566897.494     1107416.3948   -144.955     21.608     0.202530     0.903376     -0.378012                  -0.0452         NaN         NaN           
566898.494     1113770.9944   -145.079     21.416     0.201001     0.904234     -0.376775                  -0.0452         NaN         NaN           
566899.494     1120138.2907   -145.201     21.226     0.199486     0.905071     -0.375569                  -0.0453         NaN         NaN           
566900.494     1126518.0606   -145.322     21.038     0.197986     0.905887     -0.374392                  -0.0453         NaN         NaN           
566901.494     1132910.0918   -145.440     20.851     0.196500     0.906683     -0.373246                  -0.0453         NaN         NaN           
566902.494     1139314.1579   -145.557     20.666     0.195028     0.907460     -0.372130                  -0.0454         NaN         NaN           
566903.494     1145730.0554   -145.673     20.482     0.193571     0.908217     -0.371042                  -0.0454         NaN         NaN           
566904.494     1152157.5789   -145.787     20.300     0.192127     0.908955     -0.369984                  -0.0454         NaN         NaN           
566905.494     1158596.5268   -145.899     20.120     0.190698     0.909675     -0.368953                  -0.0455         NaN         NaN           
566906.494     1165046.7021   -146.010     19.941     0.189282     0.910376     -0.367951                  -0.0455         NaN         NaN           

651368.183     1130541.4015     21.887     21.188     0.291536     0.244241     -0.924853                      NaN         NaN     -0.0925           
651369.183     1123999.9732     21.966     21.380     0.291736     0.242123     -0.925347                      NaN         NaN     -0.0925           
651370.183     1117468.6377     22.047     21.573     0.291933     0.239970     -0.925845                      NaN         NaN     -0.0926           
651371.183     1110947.5778     22.129     21.768     0.292128     0.237782     -0.926348                      NaN         NaN     -0.0926           
651372.183     1104436.9926     22.212     21.965     0.292319     0.235559     -0.926856                      NaN         NaN     -0.0927           
651373.183     1097937.0731     22.296     22.164     0.292507     0.233299     -0.927368                      NaN         NaN     -0.0927           
651374.183     1091448.0188     22.382     22.365     0.292692     0.231003     -0.927884                      NaN         NaN     -0.0928           
651375.183     1084970.0334     22.468     22.568     0.292874     0.228670     -0.928404                      NaN         NaN     -0.0928           
651376.183     1078503.3254     22.556     22.773     0.293052     0.226299     -0.928929                      NaN         NaN     -0.0929           
651377.183     1072048.1076     22.645     22.980     0.293227     0.223889     -0.929458                      NaN         NaN     -0.0929           
651378.183     1065604.5936     22.735     23.189     0.293397     0.221439     -0.929991                      NaN         NaN     -0.0930           
651379.183     1059173.0139     22.827     23.400     0.293564     0.218950     -0.930527                      NaN         NaN     -0.0931           
651380.183     1052753.5922     22.920     23.613     0.293727     0.216420     -0.931068                      NaN         NaN     -0.0931           
651381.183     1046346.5607     23.015     23.828     0.293885     0.213848     -0.931612                      NaN         NaN     -0.0932           
651382.183     1039952.1575     23.110     24.046     0.294040     0.211234     -0.932159                      NaN         NaN     -0.0932           
651383.183     1033570.6256     23.208     24.266     0.294189     0.208577     -0.932710                      NaN         NaN     -0.0933           
651384.183     1027202.2095     23.307     24.488     0.294334     0.205877     -0.933264                      NaN         NaN     -0.0933           
651385.183     1020847.1718     23.407     24.712     0.294474     0.203132     -0.933821                      NaN         NaN     -0.0934           
651386.183     1014505.7685     23.509     24.939     0.294610     0.200342     -0.934381                      NaN         NaN     -0.0934           
651387.183     1008178.2655     23.613     25.168     0.294740     0.197506     -0.934944                      NaN         NaN     -0.0935           
651388.183     1001864.9350     23.718     25.399     0.294864     0.194623     -0.935509                      NaN         NaN     -0.0936           
651389.183      995566.0552     23.825     25.633     0.294983     0.191692     -0.936076                      NaN         NaN     -0.0936           
651390.183      989281.9118     23.933     25.869     0.295096     0.188713     -0.936646                      NaN         NaN     -0.0937           
651391.183      983012.7983     24.044     26.108     0.295203     0.185685     -0.937217                      NaN         NaN     -0.0937           
651392.183      976759.0054     24.156     26.350     0.295304     0.182606     -0.937790                      NaN         NaN     -0.0938           
651393.183      970520.8422     24.270     26.594     0.295399     0.179476     -0.938365                      NaN         NaN     -0.0938           
651394.183      964298.6205     24.386     26.841     0.295487     0.176294     -0.938940                      NaN         NaN     -0.0939           
651395.183      958092.6597     24.504     27.090     0.295567     0.173059     -0.939516                      NaN         NaN     -0.0940           
651396.183      951903.2863     24.624     27.342     0.295641     0.169770     -0.940093                      NaN         NaN     -0.0940           
651397.183      945730.8302     24.746     27.597     0.295708     0.166427     -0.940669                      NaN         NaN     -0.0941           
651398.183      939575.6422     24.870     27.855     0.295767     0.163027     -0.941246                      NaN         NaN     -0.0941           
651399.183      933438.0680     24.996     28.115     0.295817     0.159571     -0.941822                      NaN         NaN     -0.0942           
651400.183      927318.4659     25.125     28.379     0.295860     0.156057     -0.942397                      NaN         NaN     -0.0942           
651401.183      921217.2025     25.255     28.645     0.295894     0.152484     -0.942971                      NaN         NaN     -0.0943           
651402.183      915134.6532     25.388     28.914     0.295920     0.148852     -0.943544                      NaN         NaN     -0.0944           
651403.183      909071.1977     25.524     29.187     0.295936     0.145158     -0.944114                      NaN         NaN     -0.0944           
651404.183      903027.2378     25.662     29.462     0.295943     0.141403     -0.944681                      NaN         NaN     -0.0945           
651405.183      897003.1718     25.803     29.741     0.295940     0.137584     -0.945246                      NaN         NaN     -0.0945           
651406.183      890999.4114     25.946     30.023     0.295927     0.133702     -0.945807                      NaN         NaN     -0.0946           
651407.183      885016.3784     26.092     30.308     0.295904     0.129754     -0.946364                      NaN         NaN     -0.0946           
651408.183      879054.5043     26.241     30.596     0.295870     0.125740     -0.946916                      NaN         NaN     -0.0947           
651409.183      873114.2266     26.392     30.888     0.295825     0.121659     -0.947463                      NaN         NaN     -0.0947           
651410.183      867196.0063     26.547     31.182     0.295768     0.117509     -0.948005                      NaN         NaN     -0.0948           
651411.183      861300.3018     26.704     31.481     0.295700     0.113289     -0.948540                      NaN         NaN     -0.0949           
651412.183      855427.5871     26.865     31.783     0.295619     0.108999     -0.949067                      NaN         NaN     -0.0949           
651413.183      849578.3471     27.029     32.088     0.295525     0.104636     -0.949587                      NaN         NaN     -0.0950           
651414.183      843753.0783     27.196     32.397     0.295418     0.100200     -0.950099                      NaN         NaN     -0.0950           
651415.183      837952.2844     27.367     32.709     0.295298     0.095689     -0.950601                      NaN         NaN     -0.0951           
651416.183      832176.4944     27.541     33.025     0.295163     0.091103     -0.951093                      NaN         NaN     -0.0951           
651417.183      826426.2362     27.719     33.345     0.295014     0.086440     -0.951575                      NaN         NaN     -0.0952           
651418.183      820702.0546     27.900     33.669     0.294850     0.081698     -0.952045                      NaN         NaN     -0.0952           
651419.183      815004.5071     28.086     33.996     0.294670     0.076878     -0.952502                      NaN         NaN     -0.0953           
651420.183      809334.1688     28.275     34.327     0.294475     0.071976     -0.952945                      NaN         NaN     -0.0953           
651421.183      803691.6180     28.469     34.663     0.294262     0.066992     -0.953374                      NaN         NaN     -0.0953           
651422.183      798077.4453     28.666     35.002     0.294033     0.061926     -0.953787                      NaN         NaN     -0.0954           
651423.183      792492.2745     28.869     35.345     0.293785     0.056774     -0.954184                      NaN         NaN     -0.0954           
651424.183      786936.7263     29.075     35.692     0.293520     0.051537     -0.954563                      NaN         NaN     -0.0955           
651425.183      781411.4407     29.287     36.043     0.293235     0.046213     -0.954923                      NaN         NaN     -0.0955           
651426.183      775917.0719     29.503     36.399     0.292931     0.040800     -0.955263                      NaN         NaN     -0.0955           
651427.183      770454.2893     29.724     36.758     0.292607     0.035298     -0.955581                      NaN         NaN     -0.0956           
651428.183      765023.7728     29.951     37.122     0.292262     0.029705     -0.955877                      NaN         NaN     -0.0956           
651429.183      759626.2314     30.183     37.490     0.291895     0.024020     -0.956149                      NaN         NaN     -0.0956           
651430.183      754262.3762     30.420     37.863     0.291506     0.018241     -0.956395                      NaN         NaN     -0.0956           
651431.183      748932.9387     30.663     38.239     0.291094     0.012368     -0.956614                      NaN         NaN     -0.0957           
651432.183      743638.6665     30.912     38.620     0.290659     0.006399     -0.956805                      NaN         NaN     -0.0957           
651433.183      738380.3237     31.168     39.006     0.290199     0.000333     -0.956966                      NaN         NaN     -0.0957           
651434.183      733158.6865     31.430     39.396     0.289714    -0.005831     -0.957095                      NaN         NaN     -0.0957           
651435.183      727974.5615     31.698     39.791     0.289203    -0.012095     -0.957191                      NaN         NaN     -0.0957           
651436.183      722828.7588     31.973     40.190     0.288665    -0.018459     -0.957252                      NaN         NaN     -0.0957           
651437.183      717722.1100     32.256     40.593     0.288100    -0.024925     -0.957276                      NaN         NaN     -0.0957           
651438.183      712655.4644     32.546     41.002     0.287506    -0.031494     -0.957261                      NaN         NaN     -0.0957           
651439.183      707629.6886     32.843     41.414     0.286883    -0.038167     -0.957205                      NaN         NaN     -0.0957           
651440.183      702645.6669     33.149     41.832     0.286230    -0.044945     -0.957106                      NaN         NaN     -0.0957           
651441.183      697704.2968     33.463     42.254     0.285546    -0.051828     -0.956963                      NaN         NaN     -0.0957           
651442.183      692806.5077     33.786     42.681     0.284829    -0.058818     -0.956772                      NaN         NaN     -0.0957           
651443.183      687953.2328     34.118     43.112     0.284080    -0.065915     -0.956532                      NaN         NaN     -0.0957           
651444.183      683145.4281     34.459     43.548     0.283297    -0.073121     -0.956241                      NaN         NaN     -0.0956           
651445.183      678384.0673     34.810     43.989     0.282479    -0.080437     -0.955895                      NaN         NaN     -0.0956           
651446.183      673670.1424     35.171     44.434     0.281625    -0.087862     -0.955493                      NaN         NaN     -0.0955           
651447.183      669004.6583     35.543     44.884     0.280735    -0.095397     -0.955033                      NaN         NaN     -0.0955           
651448.183      664388.6520     35.925     45.338     0.279806    -0.103043     -0.954511                      NaN         NaN     -0.0955           
651449.183      659823.1642     36.320     45.797     0.278838    -0.110801     -0.953925                      NaN         NaN     -0.0954           
651450.183      655309.2609     36.726     46.261     0.277831    -0.118670     -0.953272                      NaN         NaN     -0.0953           
651451.183      650848.0180     37.145     46.728     0.276783    -0.126651     -0.952550                      NaN         NaN     -0.0953           
651452.183      646440.5303     37.577     47.201     0.275692    -0.134744     -0.951755                      NaN         NaN     -0.0952           
651453.183      642087.9097     38.023     47.677     0.274559    -0.142949     -0.950885                      NaN         NaN     -0.0951           
651454.183      637791.2956     38.483     48.158     0.273381    -0.151267     -0.949938                      NaN         NaN     -0.0950           
651455.183      633551.8293     38.958     48.643     0.272158    -0.159696     -0.948909                      NaN         NaN     -0.0949           
651456.183      629370.6720     39.448     49.132     0.270888    -0.168236     -0.947795                      NaN         NaN     -0.0948           
651457.183      625249.0000     39.955     49.624     0.269572    -0.176888     -0.946595                      NaN         NaN     -0.0947           
651458.183      621188.0037     40.479     50.121     0.268206    -0.185649     -0.945304                      NaN         NaN     -0.0945           
651459.183      617188.8870     41.021     50.621     0.266791    -0.194521     -0.943920                      NaN         NaN     -0.0944           
651460.183      613252.8620     41.582     51.124     0.265325    -0.203501     -0.942438                      NaN         NaN     -0.0942           
651461.183      609381.1670     42.162     51.631     0.263808    -0.212588     -0.940857                      NaN         NaN     -0.0941           
651462.183      605575.0369     42.763     52.141     0.262238    -0.221781     -0.939172                      NaN         NaN     -0.0939           
651463.183      601835.7218     43.385     52.653     0.260614    -0.231079     -0.937381                      NaN         NaN     -0.0937           
651464.183      598164.4806     44.030     53.168     0.258935    -0.240481     -0.935479                      NaN         NaN     -0.0935           
651465.183      594562.5801     44.699     53.686     0.257200    -0.249983     -0.933465                      NaN         NaN     -0.0933           
651466.183      591031.2889     45.392     54.205     0.255409    -0.259584     -0.931334                      NaN         NaN     -0.0931           
651467.183      587571.8955     46.112     54.726     0.253560    -0.269282     -0.929083                      NaN         NaN     -0.0929           
651468.183      584185.6778     46.858     55.248     0.251652    -0.279075     -0.926708                      NaN         NaN     -0.0927           
651469.183      580873.9211     47.634     55.771     0.249685    -0.288959     -0.924208                      NaN         NaN     -0.0924           
651470.183      577637.9115     48.439     56.294     0.247657    -0.298933     -0.921578                      NaN         NaN     -0.0922           
651471.183      574478.9342     49.276     56.817     0.245569    -0.308991     -0.918815                      NaN         NaN     -0.0919           
651472.183      571398.2674     50.145     57.340     0.243418    -0.319132     -0.915916                      NaN         NaN     -0.0916           
651473.183      568397.1991     51.050     57.862     0.241206    -0.329352     -0.912879                      NaN         NaN     -0.0913           
651474.183      565476.9968     51.990     58.382     0.238930    -0.339646     -0.909699                      NaN         NaN     -0.0910           
651475.183      562638.9246     52.968     58.900     0.236591    -0.350011     -0.906376                      NaN         NaN     -0.0906           
651476.183      559884.2361     53.986     59.415     0.234187    -0.360443     -0.902905                      NaN         NaN     -0.0903           
651477.183      557214.1729     55.046     59.926     0.231720    -0.370936     -0.899284                      NaN         NaN     -0.0899           
651478.183      554629.9570     56.148     60.433     0.229187    -0.381487     -0.895511                      NaN         NaN     -0.0896           
651479.183      552132.8078     57.296     60.934     0.226590    -0.392090     -0.891584                      NaN         NaN     -0.0892           
651480.183      549723.9133     58.490     61.430     0.223928    -0.402740     -0.887501                      NaN         NaN     -0.0888           
651481.183      547404.4404     59.733     61.918     0.221200    -0.413431     -0.883258                      NaN         NaN     -0.0883           
651482.183      545175.5341     61.027     62.399     0.218408    -0.424158     -0.878856                      NaN         NaN     -0.0879           
651483.183      543038.3148     62.374     62.871     0.215550    -0.434916     -0.874292                      NaN         NaN     -0.0874           
651484.183      540993.8732     63.774     63.332     0.212628    -0.445697     -0.869565                      NaN         NaN     -0.0870           
651534.981      569406.7043    153.660     57.428     0.014694    -0.883630     -0.467955                      NaN     -0.0442         NaN           
651535.981      572435.7325    154.540     56.902     0.010813    -0.888335     -0.459069                      NaN     -0.0444         NaN           
651536.981      575543.9883    155.386     56.376     0.006966    -0.892880     -0.450240                      NaN     -0.0446         NaN           
651537.981      578730.1925    156.201     55.850     0.003154    -0.897270     -0.441471                      NaN     -0.0449         NaN           
651538.981      581993.0620    156.985     55.324    -0.000620    -0.901507     -0.432764                      NaN     -0.0451         NaN           
651539.981      585331.3118    157.740     54.799    -0.004357    -0.905593     -0.424125                      NaN     -0.0453         NaN           
651540.981      588743.6526    158.467     54.275    -0.008056    -0.909532     -0.415555                      NaN     -0.0455         NaN           
651541.981      592228.8085    159.168     53.752    -0.011716    -0.913327     -0.407058                      NaN     -0.0457         NaN           
651542.981      595785.4947    159.844     53.231    -0.015336    -0.916981     -0.398637                      NaN     -0.0458         NaN           
651543.981      599412.4344    160.496     52.712    -0.018915    -0.920496     -0.390293                      NaN     -0.0460         NaN           
651544.981      603108.3568    161.125     52.196    -0.022454    -0.923877     -0.382031                      NaN     -0.0462         NaN           
651545.981      606871.9980    161.732     51.683    -0.025952    -0.927126     -0.373850                      NaN     -0.0464         NaN           
651546.981      610702.1003    162.318     51.172    -0.029409    -0.930246     -0.365755                      NaN     -0.0465         NaN           
651547.981      614597.4218    162.885     50.665    -0.032823    -0.933242     -0.357746                      NaN     -0.0467         NaN           
651548.981      618556.7245    163.432     50.160    -0.036196    -0.936116     -0.349825                      NaN     -0.0468         NaN           
651549.981      622578.7837    163.961     49.660    -0.039526    -0.938871     -0.341994                      NaN     -0.0469         NaN           
651550.981      626662.3872    164.473     49.163    -0.042815    -0.941510     -0.334254                      NaN     -0.0471         NaN           
651551.981      630806.3358    164.968     48.670    -0.046061    -0.944038     -0.326606                      NaN     -0.0472         NaN           
651552.981      635009.4419    165.448     48.181    -0.049264    -0.946456     -0.319051                      NaN     -0.0473         NaN           
651553.981      639270.5385    165.912     47.696    -0.052425    -0.948769     -0.311590                      NaN     -0.0474         NaN           
651554.981      643588.4674    166.362     47.216    -0.055545    -0.950980     -0.304224                      NaN     -0.0475         NaN           
651555.981      647962.0882    166.798     46.739    -0.058622    -0.953091     -0.296954                      NaN     -0.0477         NaN           
651556.981      652390.2763    167.220     46.267    -0.061657    -0.955105     -0.289779                      NaN     -0.0478         NaN           
651557.981      656871.9237    167.630     45.800    -0.064650    -0.957027     -0.282701                      NaN     -0.0479         NaN           
651558.981      661405.9392    168.028     45.337    -0.067602    -0.958858     -0.275720                      NaN     -0.0479         NaN           
651559.981      665991.2468    168.414     44.878    -0.070512    -0.960602     -0.268835                      NaN     -0.0480         NaN           
651560.981      670626.7931    168.789     44.425    -0.073382    -0.962261     -0.262048                      NaN     -0.0481         NaN           
651561.981      675311.5370    169.153     43.975    -0.076211    -0.963839     -0.255357                      NaN     -0.0482         NaN           
651562.981      680044.4570    169.507     43.531    -0.079000    -0.965337     -0.248762                      NaN     -0.0483         NaN           
651563.981      684824.5492    169.850     43.091    -0.081748    -0.966760     -0.242265                      NaN     -0.0483         NaN           
651564.981      689650.8279    170.185     42.655    -0.084457    -0.968109     -0.235863                      NaN     -0.0484         NaN           
651565.981      694522.3236    170.510     42.225    -0.087128    -0.969388     -0.229557                      NaN     -0.0485         NaN           
651566.981      699438.0893    170.826     41.799    -0.089759    -0.970597     -0.223347                      NaN     -0.0485         NaN           
651567.981      704397.1916    171.134     41.377    -0.092352    -0.971741     -0.217232                      NaN     -0.0486         NaN           
651568.981      709398.7165    171.434     40.961    -0.094907    -0.972822     -0.211211                      NaN     -0.0486         NaN           
651569.981      714441.7675    171.726     40.549    -0.097425    -0.973841     -0.205284                      NaN     -0.0487         NaN           
651570.981      719525.4642    172.011     40.141    -0.099905    -0.974802     -0.199451                      NaN     -0.0487         NaN           
651571.981      724648.9486    172.288     39.738    -0.102350    -0.975706     -0.193709                      NaN     -0.0488         NaN           
651572.981      729811.3777    172.558     39.340    -0.104758    -0.976555     -0.188060                      NaN     -0.0488         NaN           
651573.981      735011.9241    172.822     38.947    -0.107131    -0.977352     -0.182501                      NaN     -0.0489         NaN           
651574.981      740249.7789    173.079     38.557    -0.109469    -0.978098     -0.177032                      NaN     -0.0489         NaN           
651575.981      745524.1501    173.329     38.173    -0.111772    -0.978796     -0.171653                      NaN     -0.0489         NaN           
651576.981      750834.2624    173.574     37.792    -0.114042    -0.979448     -0.166363                      NaN     -0.0490         NaN           
651577.981      756179.3562    173.813     37.417    -0.116278    -0.980055     -0.161159                      NaN     -0.0490         NaN           
651578.981      761558.6911    174.046     37.045    -0.118481    -0.980619     -0.156043                      NaN     -0.0490         NaN           
651579.981      766971.5398    174.274     36.678    -0.120651    -0.981142     -0.151012                      NaN     -0.0491         NaN           
651580.981      772417.1919    174.497     36.315    -0.122790    -0.981625     -0.146066                      NaN     -0.0491         NaN           
651581.981      777894.9524    174.714     35.956    -0.124897    -0.982071     -0.141203                      NaN     -0.0491         NaN           
651582.981      783404.1420    174.927     35.602    -0.126973    -0.982480     -0.136423                      NaN     -0.0491         NaN           
651583.981      788944.0961    175.134     35.251    -0.129019    -0.982854     -0.131725                      NaN     -0.0491         NaN           
651584.981      794514.1643    175.338     34.905    -0.131034    -0.983196     -0.127108                      NaN     -0.0492         NaN           
651585.981      800113.7133    175.536     34.563    -0.133021    -0.983505     -0.122570                      NaN     -0.0492         NaN           
651586.981      805742.1213    175.731     34.225    -0.134978    -0.983784     -0.118111                      NaN     -0.0492         NaN           
651587.981      811398.7817    175.921     33.890    -0.136907    -0.984034     -0.113730                      NaN     -0.0492         NaN           
651588.981      817083.1015    176.108     33.560    -0.138808    -0.984255     -0.109425                      NaN     -0.0492         NaN           
651589.981      822794.5010    176.290     33.234    -0.140682    -0.984450     -0.105196                      NaN     -0.0492         NaN           
651590.981      828532.4134    176.469     32.911    -0.142528    -0.984620     -0.101041                      NaN     -0.0492         NaN           
651591.981      834296.2865    176.643     32.592    -0.144348    -0.984765     -0.096960                      NaN     -0.0492         NaN           
651592.981      840085.5789    176.815     32.277    -0.146142    -0.984887     -0.092951                      NaN     -0.0492         NaN           
651593.981      845899.7623    176.983     31.965    -0.147910    -0.984987     -0.089014                      NaN     -0.0492         NaN           
651594.981      851738.3204    177.147     31.657    -0.149653    -0.985065     -0.085148                      NaN     -0.0493         NaN           
651595.981      857600.7489    177.309     31.352    -0.151371    -0.985124     -0.081350                      NaN     -0.0493         NaN           
651596.981      863486.5547    177.467     31.051    -0.153066    -0.985163     -0.077621                      NaN     -0.0493         NaN           
651597.981      869395.2572    177.622     30.754    -0.154736    -0.985184     -0.073960                      NaN     -0.0493         NaN           
651598.981      875326.3858    177.774     30.460    -0.156383    -0.985187     -0.070365                      NaN     -0.0493         NaN           
651599.981      881279.4809    177.923     30.169    -0.158007    -0.985174     -0.066835                      NaN     -0.0493         NaN           
651600.981      887254.0914    178.070     29.882    -0.159608    -0.985144     -0.063370                      NaN     -0.0493         NaN           
651601.981      893249.7835    178.213     29.597    -0.161187    -0.985100     -0.059968                      NaN     -0.0493         NaN           
651602.981      899266.1265    178.354     29.316    -0.162745    -0.985042     -0.056629                      NaN     -0.0493         NaN           
651603.981      905302.7015    178.493     29.038    -0.164281    -0.984970     -0.053351                      NaN     -0.0492         NaN           
651604.981      911359.1004    178.629     28.764    -0.165796    -0.984885     -0.050134                      NaN     -0.0492         NaN           
651605.981      917434.9234    178.762     28.492    -0.167290    -0.984788     -0.046977                      NaN     -0.0492         NaN           
651606.981      923529.7802    178.893     28.223    -0.168765    -0.984679     -0.043878                      NaN     -0.0492         NaN           
651607.981      929643.2896    179.022     27.958    -0.170219    -0.984560     -0.040837                      NaN     -0.0492         NaN           
651608.981      935775.0791    179.149     27.695    -0.171654    -0.984430     -0.037853                      NaN     -0.0492         NaN           
651609.981      941924.7845    179.273     27.435    -0.173070    -0.984290     -0.034926                      NaN     -0.0492         NaN           
651610.981      948092.0507    179.395     27.178    -0.174467    -0.984141     -0.032053                      NaN     -0.0492         NaN           
651611.981      954276.5298    179.515     26.924    -0.175846    -0.983983     -0.029235                      NaN     -0.0492         NaN           
651612.981      960477.8825    179.634     26.673    -0.177207    -0.983818     -0.026470                      NaN     -0.0492         NaN           
651613.981      966695.7768    179.750     26.424    -0.178550    -0.983644     -0.023758                      NaN     -0.0492         NaN           
651614.981      972929.8886    179.864     26.178    -0.179875    -0.983463     -0.021098                      NaN     -0.0492         NaN           
651615.981      979179.9010    179.976     25.934    -0.181184    -0.983275     -0.018489                      NaN     -0.0492         NaN           
651616.981      985445.5043   -179.913     25.693    -0.182476    -0.983081     -0.015930                      NaN     -0.0492         NaN           
651617.981      991726.3959   -179.805     25.455    -0.183751    -0.982881     -0.013420                      NaN     -0.0491         NaN           
651618.981      998022.2798   -179.698     25.219    -0.185010    -0.982676     -0.010959                      NaN     -0.0491         NaN           
651619.981     1004332.8670   -179.592     24.986    -0.186253    -0.982465     -0.008546                      NaN     -0.0491         NaN           
651620.981     1010657.8748   -179.489     24.755    -0.187480    -0.982249     -0.006181                      NaN     -0.0491         NaN           
651621.981     1016997.0270   -179.387     24.527    -0.188693    -0.982029     -0.003861                      NaN     -0.0491         NaN           
651622.981     1023350.0533   -179.286     24.301    -0.189890    -0.981804     -0.001587                      NaN     -0.0491         NaN           
651623.981     1029716.6896   -179.187     24.077    -0.191072    -0.981576      0.000642                      NaN     -0.0491         NaN           
651624.981     1036096.6777   -179.090     23.855    -0.192240    -0.981344      0.002826                      NaN     -0.0491         NaN           
651625.981     1042489.7652   -178.994     23.636    -0.193394    -0.981109      0.004967                      NaN     -0.0491         NaN           
651626.981     1048895.7051   -178.900     23.419    -0.194534    -0.980870      0.007066                      NaN     -0.0490         NaN           
651627.981     1055314.2560   -178.807     23.204    -0.195660    -0.980629      0.009122                      NaN     -0.0490         NaN           
651628.981     1061745.1821   -178.715     22.992    -0.196773    -0.980386      0.011136                      NaN     -0.0490         NaN           
651629.981     1068188.2520   -178.625     22.781    -0.197872    -0.980140      0.013110                      NaN     -0.0490         NaN           
651630.981     1074643.2371   -178.536     22.573    -0.198958    -0.979892      0.015043                      NaN     -0.0490         NaN           
651631.981     1081109.9222   -178.448     22.366    -0.200032    -0.979643      0.016937                      NaN     -0.0490         NaN           
651632.981     1087588.0883   -178.362     22.162    -0.201093    -0.979392      0.018792                      NaN     -0.0490         NaN           
651633.981     1094077.5240   -178.276     21.960    -0.202142    -0.979139      0.020608                      NaN     -0.0490         NaN           
651634.981     1100578.0227   -178.192     21.759    -0.203179    -0.978886      0.022386                      NaN     -0.0489         NaN           
651635.981     1107089.3814   -178.109     21.561    -0.204203    -0.978631      0.024128                      NaN     -0.0489         NaN           
651636.981     1113611.4023   -178.028     21.364    -0.205217    -0.978376      0.025832                      NaN     -0.0489         NaN           
651637.981     1120143.8916   -177.947     21.169    -0.206218    -0.978119      0.027501                      NaN     -0.0489         NaN           
651638.981     1126686.6596   -177.868     20.977    -0.207209    -0.977863      0.029134                      NaN     -0.0489         NaN           
651639.981     1133239.5208   -177.789     20.785    -0.208188    -0.977606      0.030732                      NaN     -0.0489         NaN           
651640.981     1139802.2938   -177.712     20.596    -0.209156    -0.977349      0.032296                      NaN     -0.0489         NaN           
651641.981     1146374.7998   -177.636     20.409    -0.210114    -0.977092      0.033825                      NaN     -0.0489         NaN           
651642.981     1152956.8653   -177.560     20.223    -0.211061    -0.976834      0.035321                      NaN     -0.0488         NaN           
651643.981     1159548.3198   -177.486     20.039    -0.211998    -0.976578      0.036785                      NaN     -0.0488         NaN           
651644.981     1166148.9963   -177.413     19.857    -0.212925    -0.976321      0.038216                      NaN     -0.0488         NaN           

1170958.004     1099390.4794      6.084     21.983    -0.066751     0.383348     -0.921189                      NaN         NaN     -0.0921           
1170959.004     1092841.7666      6.016     22.184    -0.068124     0.380739     -0.922170                      NaN         NaN     -0.0922           
1170960.004     1086303.7433      5.947     22.387    -0.069512     0.378094     -0.923154                      NaN         NaN     -0.0923           
1170961.004     1079776.6036      5.876     22.592    -0.070917     0.375415     -0.924140                      NaN         NaN     -0.0924           
1170962.004     1073260.5532      5.804     22.799    -0.072338     0.372700     -0.925128                      NaN         NaN     -0.0925           
1170963.004     1066755.8082      5.731     23.008    -0.073775     0.369948     -0.926119                      NaN         NaN     -0.0926           
1170964.004     1060262.5845      5.657     23.220    -0.075228     0.367159     -0.927111                      NaN         NaN     -0.0927           
1170965.004     1053781.1059      5.582     23.433    -0.076699     0.364332     -0.928105                      NaN         NaN     -0.0928           
1170966.004     1047311.5981      5.506     23.649    -0.078187     0.361466     -0.929101                      NaN         NaN     -0.0929           
1170967.004     1040854.2931      5.428     23.867    -0.079692     0.358561     -0.930099                      NaN         NaN     -0.0930           
1170968.004     1034409.4282      5.349     24.087    -0.081216     0.355616     -0.931097                      NaN         NaN     -0.0931           
1170969.004     1027977.2460      5.268     24.310    -0.082757     0.352630     -0.932096                      NaN         NaN     -0.0932           
1170970.004     1021557.9938      5.187     24.535    -0.084316     0.349602     -0.933097                      NaN         NaN     -0.0933           
1170971.004     1015151.9276      5.104     24.762    -0.085894     0.346532     -0.934097                      NaN         NaN     -0.0934           
1170972.004     1008759.3062      5.019     24.992    -0.087490     0.343419     -0.935098                      NaN         NaN     -0.0935           
1170973.004     1002380.3955      4.933     25.224    -0.089106     0.340262     -0.936099                      NaN         NaN     -0.0936           
1170974.004      996015.4677      4.845     25.459    -0.090741     0.337060     -0.937100                      NaN         NaN     -0.0937           
1170975.004      989664.8011      4.756     25.696    -0.092396     0.333812     -0.938101                      NaN         NaN     -0.0938           
1170976.004      983328.6806      4.666     25.936    -0.094070     0.330518     -0.939100                      NaN         NaN     -0.0939           
1170977.004      977007.3971      4.574     26.178    -0.095765     0.327176     -0.940098                      NaN         NaN     -0.0940           
1170978.004      970701.2506      4.480     26.423    -0.097480     0.323787     -0.941095                      NaN         NaN     -0.0941           
1170979.004      964410.5458      4.384     26.671    -0.099216     0.320348     -0.942090                      NaN         NaN     -0.0942           
1170980.004      958135.5955      4.287     26.921    -0.100973     0.316859     -0.943083                      NaN         NaN     -0.0943           
1170981.004      951876.7196      4.188     27.175    -0.102752     0.313319     -0.944073                      NaN         NaN     -0.0944           
1170982.004      945634.2460      4.087     27.431    -0.104552     0.309727     -0.945060                      NaN         NaN     -0.0945           
1170983.004      939408.5094      3.984     27.690    -0.106374     0.306082     -0.946044                      NaN         NaN     -0.0946           
1170984.004      933199.8547      3.879     27.952    -0.108219     0.302383     -0.947023                      NaN         NaN     -0.0947           
1170985.004      927008.6329      3.772     28.217    -0.110086     0.298629     -0.947999                      NaN         NaN     -0.0948           
1170986.004      920835.2040      3.664     28.485    -0.111976     0.294819     -0.948970                      NaN         NaN     -0.0949           
1170987.005      914679.9367      3.553     28.756    -0.113889     0.290952     -0.949935                      NaN         NaN     -0.0950           
1170988.005      908543.2086      3.440     29.030    -0.115825     0.287027     -0.950894                      NaN         NaN     -0.0951           
1170989.005      902425.4057      3.324     29.307    -0.117786     0.283043     -0.951847                      NaN         NaN     -0.0952           
1170990.005      896326.9311      3.207     29.588    -0.119771     0.278998     -0.952793                      NaN         NaN     -0.0953           
1170991.005      890248.1815      3.087     29.872    -0.121780     0.274893     -0.953731                      NaN         NaN     -0.0954           
1170992.005      884189.5703      2.965     30.159    -0.123814     0.270724     -0.954661                      NaN         NaN     -0.0955           
1170993.005      878151.5266      2.840     30.449    -0.125873     0.266492     -0.955583                      NaN         NaN     -0.0956           
1170994.005      872134.4860      2.713     30.743    -0.127958     0.262195     -0.956494                      NaN         NaN     -0.0956           
1170995.005      866138.8943      2.583     31.041    -0.130068     0.257832     -0.957395                      NaN         NaN     -0.0957           
1170996.005      860165.2079      2.450     31.342    -0.132204     0.253401     -0.958285                      NaN         NaN     -0.0958           
1170997.005      854213.8956      2.315     31.647    -0.134367     0.248903     -0.959163                      NaN         NaN     -0.0959           
1170998.005      848285.4358      2.176     31.955    -0.136557     0.244334     -0.960028                      NaN         NaN     -0.0960           
1170999.005      842380.3194      2.035     32.267    -0.138773     0.239694     -0.960879                      NaN         NaN     -0.0961           
1171000.005      836499.0487      1.890     32.582    -0.141017     0.234982     -0.961716                      NaN         NaN     -0.0962           
1171001.005      830642.1385      1.743     32.902    -0.143288     0.230197     -0.962537                      NaN         NaN     -0.0963           
1171002.005      824810.1155      1.592     33.225    -0.145588     0.225336     -0.963342                      NaN         NaN     -0.0963           
1171003.005      819003.5200      1.438     33.553    -0.147915     0.220400     -0.964129                      NaN         NaN     -0.0964           
1171004.005      813222.9044      1.280     33.884    -0.150271     0.215386     -0.964898                      NaN         NaN     -0.0965           
1171005.005      807468.8346      1.119     34.219    -0.152656     0.210293     -0.965646                      NaN         NaN     -0.0966           
1171006.005      801741.8903      0.954     34.559    -0.155070     0.205119     -0.966374                      NaN         NaN     -0.0966           
1171007.005      796042.6647      0.785     34.902    -0.157513     0.199864     -0.967080                      NaN         NaN     -0.0967           
1171008.005      790371.7654      0.613     35.250    -0.159986     0.194526     -0.967762                      NaN         NaN     -0.0968           
1171009.005      784729.8145      0.436     35.602    -0.162488     0.189104     -0.968420                      NaN         NaN     -0.0968           
1171010.005      779117.4487      0.255     35.959    -0.165021     0.183596     -0.969051                      NaN         NaN     -0.0969           
1171011.005      773535.3198      0.069     36.320    -0.167584     0.178001     -0.969655                      NaN         NaN     -0.0970           
1171012.005      767984.0948     -0.120     36.685    -0.170178     0.172317     -0.970230                      NaN         NaN     -0.0970           
1171013.005      762464.4565     -0.315     37.055    -0.172802     0.166543     -0.970774                      NaN         NaN     -0.0971           
1171014.005      756977.1037     -0.515     37.429    -0.175457     0.160677     -0.971287                      NaN         NaN     -0.0971           
1171015.005      751522.7512     -0.719     37.808    -0.178143     0.154719     -0.971765                      NaN         NaN     -0.0972           
1171016.005      746102.1303     -0.929     38.191    -0.180861     0.148666     -0.972208                      NaN         NaN     -0.0972           
1171017.005      740715.9893     -1.144     38.580    -0.183609     0.142518     -0.972613                      NaN         NaN     -0.0973           
1171018.005      735365.0933     -1.365     38.973    -0.186390     0.136272     -0.972979                      NaN         NaN     -0.0973           
1171019.005      730050.2249     -1.591     39.371    -0.189202     0.129928     -0.973304                      NaN         NaN     -0.0973           
1171020.005      724772.1893     -1.824     39.773    -0.192045     0.123485     -0.973586                      NaN         NaN     -0.0974           
1171021.005      719531.7970     -2.063     40.181    -0.194920     0.116939     -0.973823                      NaN         NaN     -0.0974           
1171022.005      714329.8830     -2.309     40.593    -0.197827     0.110292     -0.974012                      NaN         NaN     -0.0974           
1171023.005      709167.3046     -2.561     41.011    -0.200766     0.103540     -0.974152                      NaN         NaN     -0.0974           
1171024.005      704044.9344     -2.820     41.433    -0.203736     0.096684     -0.974240                      NaN         NaN     -0.0974           
1171025.005      698963.6637     -3.087     41.861    -0.206738     0.089720     -0.974274                      NaN         NaN     -0.0974           
1171026.005      693924.4024     -3.361     42.294    -0.209771     0.082649     -0.974251                      NaN         NaN     -0.0974           
1171027.005      688928.0802     -3.644     42.732    -0.212836     0.075470     -0.974169                      NaN         NaN     -0.0974           
1171028.005      683975.6442     -3.935     43.174    -0.215931     0.068180     -0.974025                      NaN         NaN     -0.0974           
1171029.005      679068.0621     -4.234     43.623    -0.219058     0.060779     -0.973817                      NaN         NaN     -0.0974           
1171030.005      674206.3203     -4.542     44.076    -0.222215     0.053265     -0.973542                      NaN         NaN     -0.0974           
1171031.005      669391.4247     -4.860     44.534    -0.225403     0.045639     -0.973196                      NaN         NaN     -0.0973           
1171032.005      664624.4003     -5.188     44.998    -0.228621     0.037898     -0.972778                      NaN         NaN     -0.0973           
1171033.005      659906.2922     -5.525     45.467    -0.231868     0.030043     -0.972283                      NaN         NaN     -0.0972           
1171034.005      655238.1622     -5.874     45.941    -0.235144     0.022071     -0.971710                      NaN         NaN     -0.0972           
1171035.005      650621.0937     -6.234     46.420    -0.238449     0.013983     -0.971054                      NaN         NaN     -0.0971           
1171036.005      646056.1880     -6.605     46.904    -0.241782     0.005778     -0.970314                      NaN         NaN     -0.0970           
1171037.005      641544.5653     -6.989     47.393    -0.245142    -0.002545     -0.969484                      NaN         NaN     -0.0969           
1171038.005      637087.3641     -7.386     47.888    -0.248528    -0.010985     -0.968562                      NaN         NaN     -0.0969           
1171039.005      632685.7410     -7.796     48.387    -0.251941    -0.019544     -0.967545                      NaN         NaN     -0.0968           
1171040.005      628340.8717     -8.220     48.891    -0.255379    -0.028222     -0.966429                      NaN         NaN     -0.0966           
1171041.005      624053.9455     -8.659     49.400    -0.258841    -0.037018     -0.965210                      NaN         NaN     -0.0965           
1171042.005      619826.1723     -9.114     49.914    -0.262326    -0.045933     -0.963885                      NaN         NaN     -0.0964           
1171043.005      615658.7768     -9.585     50.433    -0.265833    -0.054966     -0.962451                      NaN         NaN     -0.0962           
1171044.005      611552.9995    -10.073     50.956    -0.269362    -0.064117     -0.960902                      NaN         NaN     -0.0961           
1171045.005      607510.0957    -10.579     51.483    -0.272910    -0.073385     -0.959237                      NaN         NaN     -0.0959           
1171046.005      603531.3363    -11.104     52.015    -0.276476    -0.082771     -0.957450                      NaN         NaN     -0.0957           
1171047.005      599618.0014    -11.648     52.551    -0.280060    -0.092272     -0.955538                      NaN         NaN     -0.0956           
1171048.005      595771.3875    -12.214     53.090    -0.283659    -0.101888     -0.953497                      NaN         NaN     -0.0953           
1171049.005      591992.8008    -12.802     53.633    -0.287273    -0.111618     -0.951323                      NaN         NaN     -0.0951           
1171050.005      588283.5616    -13.413     54.180    -0.290899    -0.121460     -0.949013                      NaN         NaN     -0.0949           
1171051.005      584644.9898    -14.048     54.730    -0.294536    -0.131412     -0.946562                      NaN         NaN     -0.0947           
1171052.005      581078.4199    -14.709     55.282    -0.298182    -0.141473     -0.943966                      NaN         NaN     -0.0944           
1171053.005      577585.1899    -15.397     55.837    -0.301835    -0.151641     -0.941223                      NaN         NaN     -0.0941           
1171054.005      574166.6452    -16.114     56.395    -0.305494    -0.161913     -0.938327                      NaN         NaN     -0.0938           
1171055.005      570824.1331    -16.861     56.954    -0.309155    -0.172287     -0.935275                      NaN         NaN     -0.0935           
1171056.005      567559.0019    -17.640     57.514    -0.312817    -0.182760     -0.932064                      NaN         NaN     -0.0932           
1171057.005      564372.5998    -18.453     58.076    -0.316478    -0.193329     -0.928690                      NaN         NaN     -0.0929           
1171058.005      561266.2725    -19.301     58.637    -0.320136    -0.203991     -0.925149                      NaN         NaN     -0.0925           
1171059.005      558241.3637    -20.187     59.199    -0.323787    -0.214742     -0.921438                      NaN         NaN     -0.0921           
1171060.005      555299.2046    -21.112     59.760    -0.327430    -0.225579     -0.917553                      NaN         NaN     -0.0918           
1171061.005      552441.1239    -22.079     60.319    -0.331062    -0.236497     -0.913492                      NaN         NaN     -0.0913           
1171062.005      549668.4378    -23.090     60.876    -0.334680    -0.247492     -0.909251                      NaN         NaN     -0.0909           
1171063.005      546982.4493    -24.147     61.431    -0.338282    -0.258559     -0.904827                      NaN         NaN     -0.0905           
1171064.005      544384.4460    -25.254     61.981    -0.341864    -0.269695     -0.900219                      NaN         NaN     -0.0900           
1171065.005      541875.7001    -26.412     62.527    -0.345424    -0.280892     -0.895422                      NaN         NaN     -0.0895           
1171066.005      539457.4561    -27.624     63.068    -0.348960    -0.292148     -0.890436                      NaN         NaN     -0.0890           
1171067.005      537130.9429    -28.893     63.602    -0.352468    -0.303454     -0.885258                      NaN         NaN     -0.0885           
1171068.005      534897.3612    -30.221     64.128    -0.355945    -0.314807     -0.879886                      NaN         NaN     -0.0880           
1171069.005      532757.8836    -31.612     64.646    -0.359388    -0.326200     -0.874319                      NaN         NaN     -0.0874           
1171070.005      530713.6519    -33.068     65.153    -0.362795    -0.337626     -0.868555                      NaN         NaN     -0.0869           
1171140.000      635202.8977   -140.754     47.769    -0.422988    -0.883112     -0.202966                      NaN     -0.0442         NaN           
1171141.000      639637.8753   -141.151     47.272    -0.421783    -0.885626     -0.194335                      NaN     -0.0443         NaN           
1171142.000      644127.8249   -141.536     46.779    -0.420561    -0.888033     -0.185814                      NaN     -0.0444         NaN           
1171143.000      648671.6048   -141.908     46.291    -0.419321    -0.890336     -0.177402                      NaN     -0.0445         NaN           
1171144.000      653268.0772   -142.268     45.809    -0.418066    -0.892539     -0.169100                      NaN     -0.0446         NaN           
1171145.000      657916.1373   -142.617     45.332    -0.416797    -0.894645     -0.160907                      NaN     -0.0447         NaN           
1171146.000      662614.6946   -142.956     44.860    -0.415514    -0.896656     -0.152825                      NaN     -0.0448         NaN           
1171147.000      667362.6772   -143.284     44.393    -0.414220    -0.898577     -0.144851                      NaN     -0.0449         NaN           
1171148.000      672159.0324   -143.603     43.932    -0.412915    -0.900409     -0.136987                      NaN     -0.0450         NaN           
1171149.000      677002.7269   -143.911     43.476    -0.411601    -0.902155     -0.129231                      NaN     -0.0451         NaN           
1171150.000      681892.7514   -144.211     43.025    -0.410279    -0.903819     -0.121583                      NaN     -0.0452         NaN           
1171151.000      686828.1011   -144.503     42.579    -0.408950    -0.905403     -0.114044                      NaN     -0.0453         NaN           
1171152.000      691807.8052   -144.786     42.138    -0.407614    -0.906910     -0.106611                      NaN     -0.0453         NaN           
1171153.000      696830.9075   -145.060     41.702    -0.406273    -0.908342     -0.099284                      NaN     -0.0454         NaN           
1171154.000      701896.4703   -145.328     41.272    -0.404927    -0.909702     -0.092063                      NaN     -0.0455         NaN           
1171155.000      707003.5755   -145.588     40.846    -0.403578    -0.910993     -0.084946                      NaN     -0.0455         NaN           
1171156.000      712151.3284   -145.840     40.426    -0.402226    -0.912217     -0.077934                      NaN     -0.0456         NaN           
1171157.000      717338.8384   -146.086     40.011    -0.400873    -0.913377     -0.071024                      NaN     -0.0457         NaN           
1171158.000      722565.2483   -146.326     39.601    -0.399518    -0.914474     -0.064216                      NaN     -0.0457         NaN           
1171159.000      727829.7139   -146.559     39.195    -0.398162    -0.915510     -0.057509                      NaN     -0.0458         NaN           
1171160.000      733131.4097   -146.786     38.795    -0.396807    -0.916489     -0.050902                      NaN     -0.0458         NaN           
1171161.000      738469.5277   -147.008     38.399    -0.395453    -0.917413     -0.044394                      NaN     -0.0459         NaN           
1171162.000      743843.2827   -147.223     38.008    -0.394100    -0.918282     -0.037984                      NaN     -0.0459         NaN           
1171163.000      749251.8919   -147.433     37.622    -0.392749    -0.919100     -0.031670                      NaN     -0.0460         NaN           
1171164.000      754694.6048   -147.639     37.241    -0.391401    -0.919868     -0.025452                      NaN     -0.0460         NaN           
1171165.000      760170.6825   -147.838     36.864    -0.390056    -0.920588     -0.019328                      NaN     -0.0460         NaN           
1171166.000      765679.4029   -148.034     36.492    -0.388714    -0.921262     -0.013297                      NaN     -0.0461         NaN           
1171167.000      771220.0603   -148.224     36.124    -0.387376    -0.921892     -0.007358                      NaN     -0.0461         NaN           
1171168.000      776791.9648   -148.410     35.761    -0.386043    -0.922479     -0.001510                      NaN     -0.0461         NaN           
1171169.000      782394.4475   -148.591     35.402    -0.384715    -0.923026      0.004249                      NaN     -0.0462         NaN           
1171170.000      788026.6692   -148.769     35.048    -0.383392    -0.923533      0.009919                      NaN     -0.0462         NaN           
1171171.000      793688.3321   -148.942     34.698    -0.382074    -0.924002      0.015502                      NaN     -0.0462         NaN           
1171172.000      799378.6379   -149.111     34.352    -0.380762    -0.924435      0.020999                      NaN     -0.0462         NaN           
1171173.000      805096.9776   -149.276     34.011    -0.379457    -0.924832      0.026412                      NaN     -0.0462         NaN           
1171174.000      810842.7417   -149.438     33.673    -0.378158    -0.925197      0.031741                      NaN     -0.0463         NaN           
1171175.000      816615.3496   -149.596     33.340    -0.376865    -0.925529      0.036988                      NaN     -0.0463         NaN           
1171176.000      822414.2293   -149.751     33.010    -0.375580    -0.925831      0.042154                      NaN     -0.0463         NaN           
1171177.000      828238.8223   -149.902     32.685    -0.374302    -0.926103      0.047241                      NaN     -0.0463         NaN           
1171178.000      834088.5831   -150.050     32.363    -0.373031    -0.926346      0.052248                      NaN     -0.0463         NaN           
1171179.000      839962.9840   -150.195     32.046    -0.371768    -0.926563      0.057179                      NaN     -0.0463         NaN           
1171180.000      845861.4952   -150.337     31.732    -0.370513    -0.926753      0.062033                      NaN     -0.0463         NaN           
1171181.000      851783.6136   -150.475     31.422    -0.369266    -0.926919      0.066812                      NaN     -0.0463         NaN           
1171182.000      857728.8435   -150.611     31.115    -0.368027    -0.927061      0.071517                      NaN     -0.0464         NaN           
1171183.000      863696.7005   -150.744     30.812    -0.366796    -0.927179      0.076150                      NaN     -0.0464         NaN           
1171184.000      869686.7121   -150.875     30.513    -0.365574    -0.927276      0.080711                      NaN     -0.0464         NaN           
1171185.000      875698.4164   -151.003     30.217    -0.364360    -0.927352      0.085202                      NaN     -0.0464         NaN           
1171186.000      881731.3676   -151.128     29.925    -0.363155    -0.927408      0.089623                      NaN     -0.0464         NaN           
1171187.000      887785.1160   -151.251     29.636    -0.361959    -0.927445      0.093976                      NaN     -0.0464         NaN           
1171188.000      893859.2366   -151.371     29.351    -0.360771    -0.927464      0.098262                      NaN     -0.0464         NaN           
1171189.000      899953.3099   -151.489     29.068    -0.359592    -0.927465      0.102483                      NaN     -0.0464         NaN           
1171190.000      906066.9260   -151.605     28.790    -0.358423    -0.927449      0.106638                      NaN     -0.0464         NaN           
1171191.000      912199.6849   -151.718     28.514    -0.357262    -0.927417      0.110729                      NaN     -0.0464         NaN           
1171192.000      918351.2007   -151.830     28.241    -0.356110    -0.927370      0.114758                      NaN     -0.0464         NaN           
1171193.000      924521.0822   -151.939     27.972    -0.354968    -0.927309      0.118725                      NaN     -0.0464         NaN           
1171194.000      930708.9616   -152.046     27.705    -0.353834    -0.927234      0.122631                      NaN     -0.0464         NaN           
1171195.000      936914.4750   -152.151     27.442    -0.352710    -0.927146      0.126477                      NaN     -0.0464         NaN           
1171196.000      943137.2671   -152.255     27.181    -0.351595    -0.927045      0.130265                      NaN     -0.0464         NaN           
1171197.000      949376.9907   -152.356     26.924    -0.350489    -0.926932      0.133995                      NaN     -0.0463         NaN           
1171198.000      955633.3116   -152.456     26.669    -0.349392    -0.926808      0.137668                      NaN     -0.0463         NaN           
1171199.000      961905.8892   -152.553     26.417    -0.348305    -0.926673      0.141285                      NaN     -0.0463         NaN           
1171200.000      968194.2145   -152.649     26.168    -0.347226    -0.926528      0.144847                      NaN     -0.0463         NaN           
1171201.000      974498.3514   -152.744     25.921    -0.346157    -0.926373      0.148355                      NaN     -0.0463         NaN           
1171202.000      980817.8016   -152.836     25.678    -0.345097    -0.926208      0.151810                      NaN     -0.0463         NaN           
1171203.000      987152.2681   -152.928     25.437    -0.344046    -0.926035      0.155212                      NaN     -0.0463         NaN           
1171204.000      993501.4470   -153.017     25.198    -0.343004    -0.925854      0.158563                      NaN     -0.0463         NaN           
1171205.000      999865.0551   -153.105     24.962    -0.341972    -0.925665      0.161864                      NaN     -0.0463         NaN           
1171206.000     1006242.8110   -153.192     24.729    -0.340948    -0.925468      0.165115                      NaN     -0.0463         NaN           
1171207.000     1012634.4398   -153.277     24.498    -0.339933    -0.925265      0.168317                      NaN     -0.0463         NaN           
1171208.000     1019039.6730   -153.360     24.269    -0.338928    -0.925055      0.171470                      NaN     -0.0463         NaN           
1171209.000     1025458.2527   -153.442     24.043    -0.337931    -0.924838      0.174577                      NaN     -0.0462         NaN           
1171210.000     1031889.9129   -153.523     23.819    -0.336943    -0.924616      0.177637                      NaN     -0.0462         NaN           
1171211.000     1038334.4075   -153.603     23.598    -0.335964    -0.924388      0.180651                      NaN     -0.0462         NaN           
1171212.000     1044791.4913   -153.681     23.379    -0.334994    -0.924155      0.183620                      NaN     -0.0462         NaN           
1171213.000     1051260.9246   -153.758     23.162    -0.334033    -0.923917      0.186545                      NaN     -0.0462         NaN           
1171214.000     1057742.4732   -153.834     22.947    -0.333080    -0.923675      0.189427                      NaN     -0.0462         NaN           
1171215.000     1064235.9127   -153.908     22.735    -0.332136    -0.923428      0.192265                      NaN     -0.0462         NaN           
1171216.000     1070741.0096   -153.982     22.525    -0.331201    -0.923178      0.195062                      NaN     -0.0462         NaN           
1171217.000     1077257.5497   -154.054     22.316    -0.330274    -0.922923      0.197817                      NaN     -0.0461         NaN           
1171218.000     1083785.3187   -154.125     22.110    -0.329356    -0.922666      0.200531                      NaN     -0.0461         NaN           
1171219.000     1090324.1072   -154.195     21.906    -0.328446    -0.922405      0.203205                      NaN     -0.0461         NaN           
1171220.000     1096873.7102   -154.264     21.704    -0.327545    -0.922141      0.205840                      NaN     -0.0461         NaN           
1171221.000     1103433.9274   -154.332     21.504    -0.326652    -0.921875      0.208436                      NaN     -0.0461         NaN           
1171222.000     1110004.5674   -154.399     21.306    -0.325767    -0.921606      0.210993                      NaN     -0.0461         NaN           
1171223.000     1116585.4291   -154.465     21.109    -0.324890    -0.921335      0.213514                      NaN     -0.0461         NaN           
1171224.000     1123176.3295   -154.529     20.915    -0.324022    -0.921062      0.215997                      NaN     -0.0461         NaN           
1171225.000     1129777.0849   -154.593     20.723    -0.323161    -0.920787      0.218444                      NaN     -0.0460         NaN           
1171226.000     1136387.5159   -154.656     20.532    -0.322309    -0.920511      0.220855                      NaN     -0.0460         NaN           
1171227.000     1143007.4466   -154.718     20.343    -0.321464    -0.920233      0.223231                      NaN     -0.0460         NaN           
1171228.000     1149636.7094   -154.779     20.156    -0.320627    -0.919954      0.225572                      NaN     -0.0460         NaN           
1171229.000     1156275.1269   -154.840     19.971    -0.319799    -0.919674      0.227879                      NaN     -0.0460         NaN           

