64101.733     1165540.6878      3.780     20.205     0.247491    -0.253709     -0.935083                      NaN         NaN     -0.0935           
 64102.733     1158935.8894      3.710     20.388     0.247636    -0.251690     -0.935590                      NaN         NaN     -0.0936           
 64103.733     1152340.4061      3.640     20.573     0.247778    -0.249639     -0.936102                      NaN         NaN     -0.0936           
 64104.733     1145754.4065      3.568     20.759     0.247916    -0.247556     -0.936618                      NaN         NaN     -0.0937           
 64105.733     1139178.0639      3.496     20.947     0.248052    -0.245441     -0.937139                      NaN         NaN     -0.0937           
 64106.733     1132611.5552      3.422     21.137     0.248184    -0.243293     -0.937664                      NaN         NaN     -0.0938           
 64107.733     1126055.0611      3.348     21.328     0.248312    -0.241110     -0.938194                      NaN         NaN     -0.0938           
 64108.733     1119508.7656      3.272     21.521     0.248436    -0.238894     -0.938727                      NaN         NaN     -0.0939           
 64109.733     1112972.8586      3.195     21.717     0.248557    -0.236642     -0.939266                      NaN         NaN     -0.0939           
 64110.733     1106447.5340      3.117     21.914     0.248674    -0.234355     -0.939808                      NaN         NaN     -0.0940           
 64111.733     1099932.9852      3.037     22.113     0.248786    -0.232032     -0.940355                      NaN         NaN     -0.0940           
 64112.733     1093429.4153      2.957     22.314     0.248895    -0.229672     -0.940905                      NaN         NaN     -0.0941           
 64113.733     1086937.0298      2.875     22.517     0.248999    -0.227274     -0.941459                      NaN         NaN     -0.0941           
 64114.733     1080456.0385      2.792     22.722     0.249099    -0.224839     -0.942018                      NaN         NaN     -0.0942           
 64115.733     1073986.6575      2.707     22.929     0.249194    -0.222364     -0.942580                      NaN         NaN     -0.0943           
 64116.733     1067529.1057      2.622     23.138     0.249284    -0.219850     -0.943145                      NaN         NaN     -0.0943           
 64117.733     1061083.6078      2.535     23.349     0.249370    -0.217296     -0.943714                      NaN         NaN     -0.0944           
 64118.733     1054650.3932      2.446     23.562     0.249451    -0.214702     -0.944287                      NaN         NaN     -0.0944           
 64119.733     1048229.6966      2.356     23.777     0.249526    -0.212065     -0.944862                      NaN         NaN     -0.0945           
 64120.733     1041821.7582      2.265     23.995     0.249596    -0.209387     -0.945441                      NaN         NaN     -0.0945           
 64121.733     1035426.8226      2.172     24.215     0.249661    -0.206665     -0.946023                      NaN         NaN     -0.0946           
 64122.733     1029045.1419      2.077     24.437     0.249720    -0.203900     -0.946607                      NaN         NaN     -0.0947           
 64123.733     1022676.9722      1.981     24.661     0.249773    -0.201090     -0.947194                      NaN         NaN     -0.0947           
 64124.733     1016322.5759      1.884     24.888     0.249820    -0.198235     -0.947783                      NaN         NaN     -0.0948           
 64125.733     1009982.2214      1.785     25.117     0.249861    -0.195334     -0.948374                      NaN         NaN     -0.0948           
 64126.733     1003656.1833      1.684     25.348     0.249896    -0.192385     -0.948968                      NaN         NaN     -0.0949           
 64127.733      997344.7421      1.581     25.582     0.249924    -0.189389     -0.949563                      NaN         NaN     -0.0950           
 64128.733      991048.1857      1.477     25.818     0.249945    -0.186345     -0.950159                      NaN         NaN     -0.0950           
 64129.733      984766.8078      1.370     26.057     0.249959    -0.183251     -0.950757                      NaN         NaN     -0.0951           
 64130.733      978500.9091      1.262     26.299     0.249967    -0.180106     -0.951356                      NaN         NaN     -0.0951           
 64131.733      972250.7970      1.152     26.543     0.249966    -0.176911     -0.951956                      NaN         NaN     -0.0952           
 64132.733      966016.7865      1.040     26.789     0.249958    -0.173663     -0.952556                      NaN         NaN     -0.0953           
 64133.733      959799.1994      0.926     27.039     0.249942    -0.170362     -0.953156                      NaN         NaN     -0.0953           
 64134.733      953598.3656      0.810     27.291     0.249918    -0.167007     -0.953755                      NaN         NaN     -0.0954           
 64135.733      947414.6221      0.692     27.546     0.249886    -0.163598     -0.954355                      NaN         NaN     -0.0954           
 64136.733      941248.3142      0.572     27.803     0.249845    -0.160132     -0.954953                      NaN         NaN     -0.0955           
 64137.733      935099.7948      0.449     28.064     0.249795    -0.156610     -0.955550                      NaN         NaN     -0.0956           
 64138.733      928969.4256      0.324     28.327     0.249736    -0.153029     -0.956145                      NaN         NaN     -0.0956           
 64139.733      922857.5762      0.197     28.593     0.249668    -0.149390     -0.956739                      NaN         NaN     -0.0957           
 64140.733      916764.6271      0.068     28.863     0.249589    -0.145691     -0.957329                      NaN         NaN     -0.0957           
 64141.733      910690.9624     -0.064     29.135     0.249501    -0.141931     -0.957917                      NaN         NaN     -0.0958           
 64142.733      904636.9804     -0.199     29.410     0.249402    -0.138109     -0.958501                      NaN         NaN     -0.0959           
 64143.733      898603.0869     -0.336     29.689     0.249293    -0.134224     -0.959081                      NaN         NaN     -0.0959           
 64144.733      892589.6975     -0.476     29.970     0.249173    -0.130275     -0.959657                      NaN         NaN     -0.0960           
 64145.733      886597.2375     -0.619     30.255     0.249041    -0.126260     -0.960228                      NaN         NaN     -0.0960           
 64146.733      880626.1422     -0.764     30.543     0.248898    -0.122179     -0.960792                      NaN         NaN     -0.0961           
 64147.733      874676.8571     -0.913     30.835     0.248742    -0.118031     -0.961351                      NaN         NaN     -0.0961           
 64148.733      868749.8382     -1.064     31.129     0.248575    -0.113814     -0.961903                      NaN         NaN     -0.0962           
 64149.733      862845.5524     -1.219     31.427     0.248394    -0.109528     -0.962447                      NaN         NaN     -0.0962           
 64150.733      856964.4776     -1.377     31.729     0.248200    -0.105170     -0.962983                      NaN         NaN     -0.0963           
 64151.733      851107.1028     -1.538     32.034     0.247993    -0.100740     -0.963510                      NaN         NaN     -0.0964           
 64152.733      845273.9290     -1.702     32.343     0.247772    -0.096237     -0.964027                      NaN         NaN     -0.0964           
 64153.733      839465.4678     -1.870     32.655     0.247536    -0.091660     -0.964533                      NaN         NaN     -0.0965           
 64154.733      833682.2439     -2.042     32.971     0.247286    -0.087006     -0.965028                      NaN         NaN     -0.0965           
 64155.733      827924.7941     -2.217     33.290     0.247020    -0.082276     -0.965511                      NaN         NaN     -0.0966           
 64156.733      822193.6674     -2.396     33.613     0.246738    -0.077468     -0.965981                      NaN         NaN     -0.0966           
 64157.733      816489.4261     -2.579     33.940     0.246440    -0.072580     -0.966436                      NaN         NaN     -0.0966           
 64158.733      810812.6457     -2.766     34.271     0.246126    -0.067611     -0.966877                      NaN         NaN     -0.0967           
 64159.733      805163.9137     -2.958     34.606     0.245794    -0.062561     -0.967301                      NaN         NaN     -0.0967           
 64160.733      799543.8328     -3.154     34.945     0.245444    -0.057427     -0.967708                      NaN         NaN     -0.0968           
 64161.733      793953.0191     -3.354     35.287     0.245077    -0.052209     -0.968097                      NaN         NaN     -0.0968           
 64162.733      788392.1027     -3.559     35.634     0.244690    -0.046905     -0.968466                      NaN         NaN     -0.0968           
 64163.733      782861.7282     -3.768     35.985     0.244284    -0.041515     -0.968815                      NaN         NaN     -0.0969           
 64164.733      777362.5552     -3.983     36.339     0.243858    -0.036036     -0.969141                      NaN         NaN     -0.0969           
 64165.733      771895.2586     -4.203     36.698     0.243411    -0.030467     -0.969445                      NaN         NaN     -0.0969           
 64166.733      766460.5265     -4.428     37.062     0.242944    -0.024808     -0.969723                      NaN         NaN     -0.0970           
 64167.733      761059.0647     -4.658     37.429     0.242454    -0.019057     -0.969976                      NaN         NaN     -0.0970           
 64168.733      755691.5940     -4.894     37.801     0.241942    -0.013213     -0.970201                      NaN         NaN     -0.0970           
 64169.733      750358.8512     -5.136     38.177     0.241407    -0.007275     -0.970397                      NaN         NaN     -0.0970           
 64170.733      745061.5905     -5.385     38.557     0.240849    -0.001241     -0.970562                      NaN         NaN     -0.0971           
 64171.733      739800.5796     -5.639     38.942     0.240266     0.004890     -0.970695                      NaN         NaN     -0.0971           
 64172.733      734576.6040     -5.900     39.331     0.239657     0.011119     -0.970794                      NaN         NaN     -0.0971           
 64173.733      729390.4676     -6.168     39.725     0.239023     0.017447     -0.970857                      NaN         NaN     -0.0971           
 64174.733      724242.9903     -6.443     40.123     0.238363     0.023875     -0.970883                      NaN         NaN     -0.0971           
 64175.733      719135.0093     -6.725     40.525     0.237675     0.030405     -0.970869                      NaN         NaN     -0.0971           
 64176.733      714067.3793     -7.015     40.932     0.236959     0.037037     -0.970813                      NaN         NaN     -0.0971           
 64177.733      709040.9737     -7.313     41.344     0.236215     0.043772     -0.970714                      NaN         NaN     -0.0971           
 64178.733      704056.6798     -7.618     41.760     0.235441     0.050611     -0.970570                      NaN         NaN     -0.0971           
 64179.733      699115.4063     -7.933     42.181     0.234636     0.057556     -0.970378                      NaN         NaN     -0.0970           
 64180.733      694218.0788     -8.256     42.606     0.233800     0.064607     -0.970136                      NaN         NaN     -0.0970           
 64181.733      689365.6405     -8.588     43.036     0.232932     0.071765     -0.969841                      NaN         NaN     -0.0970           
 64182.733      684559.0528     -8.930     43.471     0.232032     0.079030     -0.969492                      NaN         NaN     -0.0969           
 64183.733      679799.2964     -9.282     43.910     0.231098     0.086404     -0.969086                      NaN         NaN     -0.0969           
 64184.733      675087.3654     -9.644     44.353     0.230129     0.093887     -0.968621                      NaN         NaN     -0.0969           
 64185.733      670424.2762    -10.017     44.801     0.229124     0.101480     -0.968093                      NaN         NaN     -0.0968           
 64186.733      665811.0615    -10.402     45.254     0.228084     0.109182     -0.967500                      NaN         NaN     -0.0968           
 64187.733      661248.7715    -10.797     45.711     0.227006     0.116995     -0.966840                      NaN         NaN     -0.0967           
 64188.733      656738.4740    -11.206     46.172     0.225890     0.124919     -0.966110                      NaN         NaN     -0.0966           
 64189.733      652281.2537    -11.627     46.638     0.224735     0.132954     -0.965307                      NaN         NaN     -0.0965           
 64190.733      647878.2143    -12.061     47.108     0.223540     0.141099     -0.964428                      NaN         NaN     -0.0964           
 64191.733      643530.4701    -12.509     47.582     0.222305     0.149356     -0.963469                      NaN         NaN     -0.0963           
 64192.733      639239.1575    -12.972     48.060     0.221027     0.157723     -0.962429                      NaN         NaN     -0.0962           
 64193.733      635005.4265    -13.449     48.542     0.219708     0.166201     -0.961304                      NaN         NaN     -0.0961           
 64194.733      630830.4424    -13.943     49.028     0.218344     0.174789     -0.960091                      NaN         NaN     -0.0960           
 64195.733      626715.3852    -14.453     49.518     0.216937     0.183486     -0.958786                      NaN         NaN     -0.0959           
 64196.733      622661.4510    -14.980     50.011     0.215484     0.192292     -0.957387                      NaN         NaN     -0.0957           
 64197.733      618669.8426    -15.526     50.508     0.213985     0.201207     -0.955890                      NaN         NaN     -0.0956           
 64198.733      614741.7821    -16.090     51.008     0.212438     0.210228     -0.954293                      NaN         NaN     -0.0954           
 64199.733      610878.5007    -16.674     51.511     0.210844     0.219355     -0.952590                      NaN         NaN     -0.0953           
 64200.733      607081.2418    -17.279     52.016     0.209202     0.228586     -0.950780                      NaN         NaN     -0.0951           
 64201.733      603351.2552    -17.906     52.525     0.207509     0.237920     -0.948859                      NaN         NaN     -0.0949           
 64202.733      599689.8052    -18.555     53.036     0.205767     0.247355     -0.946824                      NaN         NaN     -0.0947           
 64203.733      596098.1547    -19.229     53.548     0.203973     0.256889     -0.944671                      NaN         NaN     -0.0945           
 64204.733      592577.5807    -19.927     54.063     0.202128     0.266521     -0.942396                      NaN         NaN     -0.0942           
 64205.733      589129.3625    -20.651     54.579     0.200230     0.276247     -0.939998                      NaN         NaN     -0.0940           
 64206.733      585754.7828    -21.402     55.096     0.198280     0.286065     -0.937471                      NaN         NaN     -0.0937           
 64207.733      582455.1265    -22.183     55.613     0.196275     0.295972     -0.934814                      NaN         NaN     -0.0935           
 64208.733      579231.6817    -22.993     56.131     0.194216     0.305966     -0.932022                      NaN         NaN     -0.0932           
 64209.733      576085.7266    -23.835     56.648     0.192102     0.316043     -0.929093                      NaN         NaN     -0.0929           
 64210.733      573018.5449    -24.709     57.164     0.189933     0.326199     -0.926023                      NaN         NaN     -0.0926           
 64211.733      570031.4128    -25.618     57.680     0.187708     0.336432     -0.922810                      NaN         NaN     -0.0923           
 64212.733      567125.5995    -26.563     58.193     0.185428     0.346737     -0.919451                      NaN         NaN     -0.0919           
 64213.733      564302.3655    -27.546     58.703     0.183090     0.357109     -0.915943                      NaN         NaN     -0.0916           
 64214.733      561562.9606    -28.568     59.211     0.180697     0.367545     -0.912282                      NaN         NaN     -0.0912           
 64215.733      558908.6248    -29.630     59.714     0.178246     0.378040     -0.908468                      NaN         NaN     -0.0908           
 64216.733      556340.5729    -30.736     60.213     0.175739     0.388590     -0.904496                      NaN         NaN     -0.0904           
 64217.733      553860.0124    -31.886     60.706     0.173175     0.399188     -0.900366                      NaN         NaN     -0.0900           
 64218.733      551468.1278    -33.082     61.193     0.170554     0.409830     -0.896075                      NaN         NaN     -0.0896           
 64219.733      549166.0812    -34.327     61.673     0.167877     0.420511     -0.891621                      NaN         NaN     -0.0892           
 64220.733      546955.0107    -35.621     62.144     0.165143     0.431224     -0.887002                      NaN         NaN     -0.0887           
 64221.733      544836.0308    -36.966     62.606     0.162354     0.441965     -0.882218                      NaN         NaN     -0.0882           
 64222.733      542810.2161    -38.363     63.057     0.159509     0.452725     -0.877266                      NaN         NaN     -0.0877           
 64223.733      540878.6202    -39.815     63.497     0.156610     0.463501     -0.872147                      NaN         NaN     -0.0872           
 64224.733      539042.2591    -41.323     63.925     0.153656     0.474285     -0.866859                      NaN         NaN     -0.0867           
 64272.737      570022.6477   -125.879     57.470    -0.019957     0.882648     -0.469610                  -0.0441         NaN         NaN           
 64273.737      573009.9043   -126.777     56.952    -0.023420     0.887379     -0.460446                  -0.0444         NaN         NaN           
 64274.737      576077.2454   -127.642     56.433    -0.026848     0.891949     -0.451338                  -0.0446         NaN         NaN           
 64275.737      579223.3956   -128.475     55.913    -0.030242     0.896363     -0.442288                  -0.0448         NaN         NaN           
 64276.737      582447.0743   -129.276     55.393    -0.033600     0.900622     -0.433302                  -0.0450         NaN         NaN           
 64277.737      585746.9979   -130.048     54.874    -0.036922     0.904730     -0.424382                  -0.0452         NaN         NaN           
 64278.737      589121.8876   -130.791     54.355    -0.040208     0.908689     -0.415532                  -0.0454         NaN         NaN           
 64279.737      592570.4470   -131.508     53.837    -0.043455     0.912503     -0.406755                  -0.0456         NaN         NaN           
 64280.737      596091.3995   -132.198     53.320    -0.046665     0.916174     -0.398054                  -0.0458         NaN         NaN           
 64281.737      599683.4661   -132.864     52.806    -0.049837     0.919706     -0.389431                  -0.0460         NaN         NaN           
 64282.737      603345.3726   -133.507     52.293    -0.052971     0.923102     -0.380890                  -0.0462         NaN         NaN           
 64283.737      607075.8511   -134.127     51.783    -0.056065     0.926365     -0.372431                  -0.0463         NaN         NaN           
 64284.737      610873.6472   -134.726     51.276    -0.059120     0.929498     -0.364059                  -0.0465         NaN         NaN           
 64285.737      614737.4971   -135.305     50.771    -0.062137     0.932504     -0.355773                  -0.0466         NaN         NaN           
 64286.737      618666.1647   -135.864     50.270    -0.065113     0.935388     -0.347577                  -0.0468         NaN         NaN           
 64287.737      622658.4187   -136.404     49.772    -0.068051     0.938151     -0.339472                  -0.0469         NaN         NaN           
 64288.737      626713.0393   -136.926     49.277    -0.070949     0.940798     -0.331459                  -0.0470         NaN         NaN           
 64289.737      630828.8195   -137.431     48.786    -0.073808     0.943332     -0.323540                  -0.0472         NaN         NaN           
 64290.737      635004.5702   -137.920     48.299    -0.076627     0.945755     -0.315715                  -0.0473         NaN         NaN           
 64291.737      639239.1017   -138.394     47.816    -0.079408     0.948071     -0.307986                  -0.0474         NaN         NaN           
 64292.737      643531.2536   -138.852     47.337    -0.082149     0.950284     -0.300353                  -0.0475         NaN         NaN           
 64293.737      647879.8758   -139.296     46.861    -0.084852     0.952396     -0.292818                  -0.0476         NaN         NaN           
 64294.737      652283.8339   -139.727     46.390    -0.087515     0.954410     -0.285380                  -0.0477         NaN         NaN           
 64295.737      656742.0097   -140.144     45.924    -0.090141     0.956330     -0.278041                  -0.0478         NaN         NaN           
 64296.737      661253.3014   -140.549     45.462    -0.092728     0.958159     -0.270800                  -0.0479         NaN         NaN           
 64297.737      665816.6301   -140.942     45.004    -0.095278     0.959899     -0.263658                  -0.0480         NaN         NaN           
 64298.737      670430.9161   -141.323     44.550    -0.097790     0.961554     -0.256614                  -0.0481         NaN         NaN           
 64299.737      675095.1151   -141.693     44.102    -0.100265     0.963126     -0.249670                  -0.0482         NaN         NaN           
 64300.737      679808.1943   -142.052     43.657    -0.102704     0.964618     -0.242824                  -0.0482         NaN         NaN           
 64301.737      684569.1386   -142.401     43.217    -0.105106     0.966033     -0.236077                  -0.0483         NaN         NaN           
 64302.737      689376.9509   -142.740     42.782    -0.107472     0.967374     -0.229428                  -0.0484         NaN         NaN           
 64303.737      694230.6577   -143.070     42.352    -0.109803     0.968643     -0.222878                  -0.0484         NaN         NaN           
 64304.737      699129.2858   -143.391     41.926    -0.112098     0.969843     -0.216424                  -0.0485         NaN         NaN           
 64305.737      704071.8976   -143.703     41.504    -0.114359     0.970975     -0.210069                  -0.0485         NaN         NaN           
 64306.738      709057.5676   -144.007     41.087    -0.116585     0.972044     -0.203809                  -0.0486         NaN         NaN           
 64307.738      714085.3880   -144.302     40.675    -0.118778     0.973051     -0.197646                  -0.0487         NaN         NaN           
 64308.738      719154.4690   -144.590     40.267    -0.120938     0.973998     -0.191578                  -0.0487         NaN         NaN           
 64309.738      724263.9441   -144.870     39.864    -0.123064     0.974888     -0.185605                  -0.0487         NaN         NaN           
 64310.738      729412.9468   -145.143     39.466    -0.125159     0.975722     -0.179726                  -0.0488         NaN         NaN           
 64311.738      734600.6456   -145.410     39.071    -0.127221     0.976504     -0.173940                  -0.0488         NaN         NaN           
 64312.738      739826.2205   -145.669     38.682    -0.129252     0.977234     -0.168246                  -0.0489         NaN         NaN           
 64313.738      745088.8683   -145.922     38.297    -0.131252     0.977916     -0.162644                  -0.0489         NaN         NaN           
 64314.738      750387.8029   -146.168     37.916    -0.133222     0.978551     -0.157133                  -0.0489         NaN         NaN           
 64315.738      755722.2605   -146.409     37.539    -0.135161     0.979140     -0.151711                  -0.0490         NaN         NaN           
 64316.738      761091.4764   -146.644     37.167    -0.137072     0.979686     -0.146379                  -0.0490         NaN         NaN           
 64317.738      766494.7194   -146.873     36.799    -0.138953     0.980190     -0.141134                  -0.0490         NaN         NaN           
 64318.738      771931.2687   -147.097     36.436    -0.140806     0.980655     -0.135976                  -0.0490         NaN         NaN           
 64319.738      777400.4191   -147.315     36.076    -0.142631     0.981081     -0.130903                  -0.0491         NaN         NaN           
 64320.738      782901.4794   -147.529     35.721    -0.144428     0.981471     -0.125916                  -0.0491         NaN         NaN           
 64321.738      788433.7780   -147.737     35.370    -0.146198     0.981826     -0.121013                  -0.0491         NaN         NaN           
 64322.738      793996.6598   -147.941     35.023    -0.147942     0.982147     -0.116192                  -0.0491         NaN         NaN           
 64323.738      799589.4683   -148.140     34.680    -0.149659     0.982436     -0.111453                  -0.0491         NaN         NaN           
 64324.738      805211.5790   -148.335     34.341    -0.151351     0.982694     -0.106795                  -0.0491         NaN         NaN           
 64325.738      810862.3758   -148.526     34.006    -0.153018     0.982923     -0.102217                  -0.0491         NaN         NaN           
 64326.738      816541.2563   -148.712     33.675    -0.154660     0.983123     -0.097717                  -0.0492         NaN         NaN           
 64327.738      822247.6318   -148.894     33.347    -0.156277     0.983297     -0.093295                  -0.0492         NaN         NaN           
 64328.738      827980.9329   -149.073     33.024    -0.157871     0.983445     -0.088950                  -0.0492         NaN         NaN           
 64329.738      833740.5858   -149.247     32.704    -0.159441     0.983569     -0.084680                  -0.0492         NaN         NaN           
 64330.738      839526.0470   -149.418     32.388    -0.160989     0.983669     -0.080484                  -0.0492         NaN         NaN           
 64331.738      845336.7796   -149.585     32.075    -0.162514     0.983747     -0.076362                  -0.0492         NaN         NaN           
 64332.738      851172.2591   -149.749     31.766    -0.164016     0.983804     -0.072312                  -0.0492         NaN         NaN           
 64333.738      857031.9731   -149.910     31.461    -0.165497     0.983840     -0.068333                  -0.0492         NaN         NaN           
 64334.738      862915.4265   -150.067     31.159    -0.166957     0.983857     -0.064425                  -0.0492         NaN         NaN           
 64335.738      868822.1187   -150.221     30.861    -0.168395     0.983856     -0.060585                  -0.0492         NaN         NaN           
 64336.738      874751.5774   -150.372     30.566    -0.169814     0.983837     -0.056814                  -0.0492         NaN         NaN           
 64337.738      880703.3357   -150.520     30.274    -0.171212     0.983802     -0.053111                  -0.0492         NaN         NaN           
 64338.738      886676.9375   -150.665     29.986    -0.172590     0.983751     -0.049473                  -0.0492         NaN         NaN           
 64339.738      892671.9370   -150.807     29.701    -0.173949     0.983684     -0.045901                  -0.0492         NaN         NaN           
 64340.738      898687.9045   -150.947     29.419    -0.175288     0.983604     -0.042392                  -0.0492         NaN         NaN           
 64341.738      904724.4032   -151.084     29.140    -0.176610     0.983510     -0.038947                  -0.0492         NaN         NaN           
 64342.738      910781.0231   -151.218     28.865    -0.177912     0.983403     -0.035565                  -0.0492         NaN         NaN           
 64343.738      916857.3584   -151.350     28.592    -0.179197     0.983285     -0.032243                  -0.0492         NaN         NaN           
 64344.738      922953.0121   -151.479     28.323    -0.180465     0.983154     -0.028982                  -0.0492         NaN         NaN           
 64345.738      929067.5968   -151.606     28.056    -0.181715     0.983013     -0.025780                  -0.0492         NaN         NaN           
 64346.738      935200.7338   -151.730     27.793    -0.182948     0.982862     -0.022637                  -0.0491         NaN         NaN           
 64347.738      941352.0586   -151.853     27.532    -0.184164     0.982701     -0.019552                  -0.0491         NaN         NaN           
 64348.738      947521.1985   -151.973     27.274    -0.185364     0.982531     -0.016523                  -0.0491         NaN         NaN           
 64349.738      953707.8058   -152.091     27.019    -0.186548     0.982352     -0.013550                  -0.0491         NaN         NaN           
 64350.738      959911.5337   -152.207     26.767    -0.187717     0.982166     -0.010632                  -0.0491         NaN         NaN           
 64351.738      966132.0481   -152.321     26.517    -0.188869     0.981971     -0.007768                  -0.0491         NaN         NaN           
 64352.738      972369.0178   -152.432     26.270    -0.190007     0.981770     -0.004957                  -0.0491         NaN         NaN           
 64353.738      978622.1260   -152.542     26.026    -0.191130     0.981562     -0.002198                  -0.0491         NaN         NaN           
 64354.738      984891.0431   -152.650     25.785    -0.192239     0.981348      0.000509                  -0.0491         NaN         NaN           
 64355.738      991175.4745   -152.757     25.545    -0.193333     0.981128      0.003165                  -0.0491         NaN         NaN           
 64356.738      997475.1156   -152.861     25.309    -0.194413     0.980903      0.005771                  -0.0490         NaN         NaN           
 64357.738     1003789.6724   -152.964     25.075    -0.195480     0.980672      0.008328                  -0.0490         NaN         NaN           
 64358.738     1010118.8576   -153.065     24.843    -0.196533     0.980437      0.010837                  -0.0490         NaN         NaN           
 64359.738     1016462.3956   -153.164     24.614    -0.197573     0.980198      0.013298                  -0.0490         NaN         NaN           
 64360.738     1022820.0009   -153.261     24.387    -0.198600     0.979955      0.015712                  -0.0490         NaN         NaN           
 64361.738     1029191.4105   -153.357     24.163    -0.199614     0.979708      0.018080                  -0.0490         NaN         NaN           
 64362.738     1035576.3618   -153.452     23.941    -0.200615     0.979458      0.020402                  -0.0490         NaN         NaN           
 64363.738     1041974.5981   -153.545     23.721    -0.201605     0.979204      0.022680                  -0.0490         NaN         NaN           
 64364.738     1048385.8684   -153.636     23.503    -0.202582     0.978948      0.024914                  -0.0489         NaN         NaN           
 64365.738     1054809.9273   -153.726     23.287    -0.203548     0.978690      0.027105                  -0.0489         NaN         NaN           
 64366.738     1061246.5401   -153.815     23.074    -0.204502     0.978429      0.029253                  -0.0489         NaN         NaN           
 64367.738     1067695.4611   -153.902     22.863    -0.205445     0.978166      0.031359                  -0.0489         NaN         NaN           
 64368.738     1074156.4663   -153.988     22.654    -0.206376     0.977902      0.033424                  -0.0489         NaN         NaN           
 64369.738     1080629.3310   -154.073     22.447    -0.207297     0.977636      0.035448                  -0.0489         NaN         NaN           
 64370.738     1087113.8354   -154.156     22.242    -0.208207     0.977368      0.037432                  -0.0489         NaN         NaN           
 64371.738     1093609.7646   -154.238     22.038    -0.209106     0.977100      0.039377                  -0.0489         NaN         NaN           
 64372.738     1100116.9137   -154.319     21.837    -0.209995     0.976831      0.041282                  -0.0488         NaN         NaN           
 64373.738     1106635.0662   -154.398     21.638    -0.210873     0.976561      0.043150                  -0.0488         NaN         NaN           
 64374.738     1113164.0261   -154.477     21.441    -0.211742     0.976290      0.044980                  -0.0488         NaN         NaN           
 64375.738     1119703.5963   -154.554     21.246    -0.212601     0.976019      0.046773                  -0.0488         NaN         NaN           
 64376.738     1126253.5842   -154.630     21.052    -0.213450     0.975748      0.048530                  -0.0488         NaN         NaN           
 64377.738     1132813.8009   -154.705     20.861    -0.214290     0.975477      0.050251                  -0.0488         NaN         NaN           
 64378.738     1139384.0672   -154.779     20.671    -0.215120     0.975206      0.051936                  -0.0488         NaN         NaN           
 64379.738     1145964.1915   -154.851     20.483    -0.215941     0.974935      0.053587                  -0.0487         NaN         NaN           
 64380.738     1152554.0005   -154.923     20.296    -0.216754     0.974664      0.055203                  -0.0487         NaN         NaN           
 64381.738     1159153.3244   -154.994     20.112    -0.217557     0.974394      0.056786                  -0.0487         NaN         NaN           
 64382.738     1165761.9919   -155.064     19.929    -0.218352     0.974125      0.058335                  -0.0487         NaN         NaN           

583710.000     1161661.4429    -16.200     20.215     0.395190     0.305720     -0.866233                      NaN         NaN     -0.0866           
583839.643      768706.8895    -80.685     36.588    -0.142115     0.885075     -0.443222                  -0.0443         NaN         NaN           
583840.643      769588.5673    -81.390     36.527    -0.147995     0.887449     -0.436499                  -0.0444         NaN         NaN           
583841.643      770540.9200    -82.092     36.462    -0.153854     0.889738     -0.429761                  -0.0445         NaN         NaN           
583842.643      771563.6849    -82.791     36.393    -0.159691     0.891943     -0.423010                  -0.0446         NaN         NaN           
583843.643      772656.5812    -83.487     36.319    -0.165502     0.894062     -0.416247                  -0.0447         NaN         NaN           
583844.643      773819.3210    -84.179     36.241    -0.171288     0.896098     -0.409475                  -0.0448         NaN         NaN           
583845.643      775051.5674    -84.868     36.158    -0.177047     0.898048     -0.402695                  -0.0449         NaN         NaN           
583846.643      776352.9984    -85.553     36.072    -0.182777     0.899915     -0.395910                  -0.0450         NaN         NaN           
583847.643      777723.2653    -86.234     35.981    -0.188477     0.901698     -0.389123                  -0.0451         NaN         NaN           
583848.643      779162.0031    -86.911     35.886    -0.194147     0.903398     -0.382334                  -0.0452         NaN         NaN           
583849.643      780668.8316    -87.584     35.788    -0.199784     0.905015     -0.375546                  -0.0453         NaN         NaN           
583850.643      782243.3662    -88.253     35.685    -0.205387     0.906549     -0.368760                  -0.0453         NaN         NaN           
583851.643      783885.1756    -88.917     35.579    -0.210956     0.908002     -0.361980                  -0.0454         NaN         NaN           
583852.643      785593.8465    -89.576     35.469    -0.216490     0.909374     -0.355207                  -0.0455         NaN         NaN           
583853.643      787368.9417    -90.231     35.356    -0.221987     0.910665     -0.348442                  -0.0455         NaN         NaN           
583854.643      789210.0107    -90.880     35.239    -0.227446     0.911876     -0.341688                  -0.0456         NaN         NaN           
583855.643      791116.5907    -91.525     35.118    -0.232866     0.913009     -0.334946                  -0.0457         NaN         NaN           
583856.643      793088.2179    -92.165     34.995    -0.238247     0.914063     -0.328218                  -0.0457         NaN         NaN           
583857.643      795124.3841    -92.799     34.868    -0.243587     0.915040     -0.321507                  -0.0458         NaN         NaN           
583858.643      797224.6032    -93.429     34.738    -0.248886     0.915941     -0.314813                  -0.0458         NaN         NaN           
583859.643      799388.3677    -94.052     34.605    -0.254144     0.916767     -0.308139                  -0.0458         NaN         NaN           
583860.643      801615.1596    -94.671     34.469    -0.259358     0.917518     -0.301485                  -0.0459         NaN         NaN           
583861.643      803904.4538    -95.284     34.330    -0.264529     0.918197     -0.294855                  -0.0459         NaN         NaN           
583862.643      806255.7255    -95.891     34.189    -0.269656     0.918803     -0.288249                  -0.0459         NaN         NaN           
583863.643      808668.4092    -96.493     34.045    -0.274739     0.919338     -0.281668                  -0.0460         NaN         NaN           
583864.643      811141.9647    -97.089     33.898    -0.279776     0.919803     -0.275115                  -0.0460         NaN         NaN           
583865.643      813675.8340    -97.679     33.749    -0.284767     0.920199     -0.268591                  -0.0460         NaN         NaN           
583866.643      816269.4521    -98.263     33.598    -0.289712     0.920528     -0.262097                  -0.0460         NaN         NaN           
583867.643      818922.2481    -98.842     33.444    -0.294611     0.920791     -0.255635                  -0.0460         NaN         NaN           
583868.643      821633.6456    -99.414     33.289    -0.299462     0.920988     -0.249205                  -0.0460         NaN         NaN           
583869.643      824403.0741    -99.981     33.131    -0.304267     0.921122     -0.242809                  -0.0461         NaN         NaN           
583870.643      827229.9251   -100.542     32.971    -0.309023     0.921193     -0.236449                  -0.0461         NaN         NaN           
583871.643      830113.6196   -101.097     32.810    -0.313732     0.921203     -0.230125                  -0.0461         NaN         NaN           
583872.643      833053.5637   -101.646     32.646    -0.318392     0.921153     -0.223838                  -0.0461         NaN         NaN           
583873.643      836049.1602   -102.190     32.481    -0.323005     0.921044     -0.217590                  -0.0461         NaN         NaN           
583874.643      839099.8094   -102.727     32.315    -0.327568     0.920878     -0.211382                  -0.0460         NaN         NaN           
583875.643      842204.9203   -103.258     32.146    -0.332083     0.920656     -0.205214                  -0.0460         NaN         NaN           
583876.643      845363.8670   -103.784     31.977    -0.336550     0.920379     -0.199088                  -0.0460         NaN         NaN           
583877.643      848576.0551   -104.303     31.806    -0.340967     0.920049     -0.193004                  -0.0460         NaN         NaN           
583878.643      851840.8784   -104.817     31.634    -0.345336     0.919667     -0.186964                  -0.0460         NaN         NaN           
583879.643      855157.7299   -105.325     31.460    -0.349656     0.919234     -0.180967                  -0.0460         NaN         NaN           
583880.643      858526.0025   -105.827     31.286    -0.353928     0.918752     -0.175015                  -0.0459         NaN         NaN           
583881.643      861945.1001   -106.323     31.110    -0.358151     0.918221     -0.169108                  -0.0459         NaN         NaN           
583882.643      865414.3942   -106.813     30.934    -0.362325     0.917644     -0.163248                  -0.0459         NaN         NaN           
583883.643      868933.2901   -107.297     30.756    -0.366451     0.917022     -0.157434                  -0.0459         NaN         NaN           
583884.643      872501.1832   -107.776     30.578    -0.370528     0.916355     -0.151667                  -0.0458         NaN         NaN           
583885.643      876117.4705   -108.249     30.399    -0.374557     0.915645     -0.145949                  -0.0458         NaN         NaN           
583886.643      879781.5506   -108.717     30.220    -0.378539     0.914894     -0.140278                  -0.0457         NaN         NaN           
583887.643      883492.8354   -109.178     30.039    -0.382473     0.914102     -0.134656                  -0.0457         NaN         NaN           
583888.643      887250.7059   -109.634     29.859    -0.386359     0.913271     -0.129083                  -0.0457         NaN         NaN           
583889.643      891054.5790   -110.085     29.677    -0.390198     0.912403     -0.123560                  -0.0456         NaN         NaN           
583890.643      894903.8620   -110.530     29.496    -0.393990     0.911497     -0.118086                  -0.0456         NaN         NaN           
583891.643      898797.9692   -110.970     29.314    -0.397736     0.910556     -0.112663                  -0.0455         NaN         NaN           
583892.643      902736.3142   -111.404     29.132    -0.401435     0.909582     -0.107290                  -0.0455         NaN         NaN           
583893.643      906718.3159   -111.833     28.949    -0.405089     0.908573     -0.101967                  -0.0454         NaN         NaN           
583894.643      910743.4074   -112.257     28.766    -0.408696     0.907534     -0.096695                  -0.0454         NaN         NaN           
583895.643      914810.9932   -112.675     28.583    -0.412259     0.906463     -0.091475                  -0.0453         NaN         NaN           
583896.643      918920.5148   -113.088     28.400    -0.415777     0.905363     -0.086305                  -0.0453         NaN         NaN           
583897.643      923071.4068   -113.496     28.217    -0.419250     0.904234     -0.081186                  -0.0452         NaN         NaN           
583898.643      927263.1085   -113.899     28.034    -0.422679     0.903077     -0.076119                  -0.0452         NaN         NaN           
583899.643      931495.0637   -114.297     27.851    -0.426064     0.901895     -0.071103                  -0.0451         NaN         NaN           
583900.643      935766.7317   -114.690     27.668    -0.429406     0.900687     -0.066138                  -0.0450         NaN         NaN           
583901.643      940077.5444   -115.078     27.486    -0.432705     0.899454     -0.061224                  -0.0450         NaN         NaN           
583902.643      944426.9709   -115.461     27.303    -0.435962     0.898199     -0.056362                  -0.0449         NaN         NaN           
583903.643      948814.4748   -115.839     27.121    -0.439177     0.896921     -0.051551                  -0.0448         NaN         NaN           
583904.643      953239.5248   -116.213     26.939    -0.442350     0.895621     -0.046791                  -0.0448         NaN         NaN           
583905.643      957701.5949   -116.582     26.757    -0.445482     0.894301     -0.042083                  -0.0447         NaN         NaN           
583906.643      962200.1752   -116.946     26.575    -0.448574     0.892962     -0.037425                  -0.0446         NaN         NaN           
583907.643      966734.7290   -117.306     26.394    -0.451625     0.891604     -0.032818                  -0.0446         NaN         NaN           
583908.643      971304.7574   -117.661     26.213    -0.454637     0.890229     -0.028261                  -0.0445         NaN         NaN           
583909.643      975909.7562   -118.012     26.033    -0.457609     0.888836     -0.023756                  -0.0444         NaN         NaN           
583910.643      980549.2271   -118.358     25.853    -0.460543     0.887428     -0.019300                  -0.0444         NaN         NaN           
583911.643      985222.6771   -118.700     25.673    -0.463438     0.886004     -0.014894                  -0.0443         NaN         NaN           
583912.643      989929.6191   -119.038     25.494    -0.466296     0.884566     -0.010539                  -0.0442         NaN         NaN           
583913.643      994669.5823   -119.371     25.315    -0.469117     0.883114     -0.006233                  -0.0442         NaN         NaN           
583914.643      999442.0699   -119.700     25.137    -0.471900     0.881650     -0.001976                  -0.0441         NaN         NaN           
583915.643     1004246.6227   -120.025     24.960    -0.474648     0.880173      0.002231                  -0.0440         NaN         NaN           
583916.643     1009082.7766   -120.346     24.783    -0.477359     0.878685      0.006390                  -0.0439         NaN         NaN           
583917.643     1013950.0733   -120.663     24.607    -0.480035     0.877186      0.010500                  -0.0439         NaN         NaN           
583918.643     1018848.0603   -120.976     24.431    -0.482677     0.875678      0.014562                  -0.0438         NaN         NaN           
583919.643     1023776.3015   -121.286     24.256    -0.485283     0.874160      0.018576                  -0.0437         NaN         NaN           
583920.643     1028734.3334   -121.591     24.081    -0.487856     0.872633      0.022542                  -0.0436         NaN         NaN           
583921.643     1033721.7348   -121.892     23.908    -0.490396     0.871098      0.026461                  -0.0436         NaN         NaN           
583922.643     1038738.0746   -122.190     23.735    -0.492903     0.869556      0.030333                  -0.0435         NaN         NaN           
583923.643     1043782.9293   -122.484     23.562    -0.495377     0.868006      0.034158                  -0.0434         NaN         NaN           
583924.643     1048855.8812   -122.775     23.390    -0.497819     0.866451      0.037937                  -0.0433         NaN         NaN           


