499055.275     1159588.6466     18.936     20.195     0.062979     0.407979     -0.910817                      NaN         NaN     -0.0911           
499056.275     1152952.6885     18.997     20.379     0.064049     0.406605     -0.911356                      NaN         NaN     -0.0911           
499057.275     1146325.5522     19.059     20.565     0.065134     0.405203     -0.911903                      NaN         NaN     -0.0912           
499058.275     1139707.3962     19.122     20.752     0.066232     0.403775     -0.912458                      NaN         NaN     -0.0912           
499059.275     1133098.3957     19.185     20.942     0.067346     0.402318     -0.913020                      NaN         NaN     -0.0913           
499060.275     1126498.7165     19.250     21.133     0.068475     0.400832     -0.913589                      NaN         NaN     -0.0914           
499061.275     1119908.5324     19.315     21.326     0.069619     0.399318     -0.914166                      NaN         NaN     -0.0914           
499062.275     1113328.0210     19.382     21.521     0.070778     0.397773     -0.914750                      NaN         NaN     -0.0915           
499063.275     1106757.3639     19.449     21.718     0.071954     0.396199     -0.915341                      NaN         NaN     -0.0915           
499064.275     1100196.7467     19.517     21.916     0.073145     0.394593     -0.915940                      NaN         NaN     -0.0916           
499065.275     1093646.3546     19.586     22.117     0.074352     0.392956     -0.916546                      NaN         NaN     -0.0917           
499066.275     1087106.3904     19.656     22.320     0.075576     0.391288     -0.917160                      NaN         NaN     -0.0917           
499067.275     1080577.0479     19.727     22.525     0.076817     0.389586     -0.917781                      NaN         NaN     -0.0918           
499068.275     1074058.5298     19.799     22.731     0.078074     0.387852     -0.918409                      NaN         NaN     -0.0918           
499069.275     1067551.0433     19.872     22.940     0.079349     0.386083     -0.919045                      NaN         NaN     -0.0919           
499070.275     1061054.8005     19.946     23.151     0.080641     0.384280     -0.919688                      NaN         NaN     -0.0920           
499071.275     1054570.0135     20.022     23.365     0.081951     0.382442     -0.920338                      NaN         NaN     -0.0920           
499072.275     1048096.9129     20.098     23.580     0.083279     0.380568     -0.920995                      NaN         NaN     -0.0921           
499073.275     1041635.7210     20.176     23.798     0.084625     0.378658     -0.921660                      NaN         NaN     -0.0922           
499074.275     1035186.6697     20.255     24.017     0.085990     0.376710     -0.922331                      NaN         NaN     -0.0922           
499075.275     1028749.9962     20.335     24.240     0.087374     0.374724     -0.923010                      NaN         NaN     -0.0923           
499076.275     1022325.9433     20.416     24.464     0.088777     0.372700     -0.923695                      NaN         NaN     -0.0924           
499077.275     1015914.7546     20.498     24.691     0.090199     0.370636     -0.924388                      NaN         NaN     -0.0924           
499078.275     1009516.6933     20.582     24.921     0.091641     0.368532     -0.925087                      NaN         NaN     -0.0925           
499079.275     1003132.0148     20.667     25.152     0.093103     0.366388     -0.925793                      NaN         NaN     -0.0926           
499080.275      996760.9897     20.754     25.387     0.094585     0.364201     -0.926505                      NaN         NaN     -0.0927           
499081.275      990403.8869     20.842     25.624     0.096088     0.361972     -0.927224                      NaN         NaN     -0.0927           
499082.275      984060.9794     20.931     25.863     0.097612     0.359699     -0.927949                      NaN         NaN     -0.0928           
499083.275      977732.5553     21.022     26.105     0.099157     0.357382     -0.928680                      NaN         NaN     -0.0929           
499084.275      971418.9034     21.114     26.350     0.100724     0.355020     -0.929417                      NaN         NaN     -0.0929           
499085.275      965120.3315     21.208     26.598     0.102312     0.352611     -0.930160                      NaN         NaN     -0.0930           
499086.275      958837.1410     21.304     26.848     0.103923     0.350156     -0.930908                      NaN         NaN     -0.0931           
499087.275      952569.6450     21.401     27.101     0.105556     0.347653     -0.931663                      NaN         NaN     -0.0932           
499088.275      946318.1641     21.500     27.357     0.107212     0.345102     -0.932422                      NaN         NaN     -0.0932           
499089.275      940083.0264     21.600     27.616     0.108892     0.342500     -0.933186                      NaN         NaN     -0.0933           
499090.275      933864.5635     21.702     27.877     0.110595     0.339848     -0.933955                      NaN         NaN     -0.0934           
499091.275      927663.1286     21.806     28.142     0.112321     0.337143     -0.934729                      NaN         NaN     -0.0935           
499092.275      921479.0696     21.912     28.410     0.114072     0.334387     -0.935507                      NaN         NaN     -0.0936           
499093.275      915312.7472     22.020     28.681     0.115848     0.331576     -0.936289                      NaN         NaN     -0.0936           
499094.275      909164.5311     22.130     28.955     0.117648     0.328710     -0.937074                      NaN         NaN     -0.0937           
499095.275      903034.7996     22.242     29.232     0.119474     0.325789     -0.937863                      NaN         NaN     -0.0938           
499096.275      896923.9356     22.356     29.513     0.121325     0.322810     -0.938655                      NaN         NaN     -0.0939           
499097.275      890832.3455     22.472     29.796     0.123203     0.319773     -0.939450                      NaN         NaN     -0.0939           
499098.275      884760.4312     22.591     30.084     0.125106     0.316677     -0.940247                      NaN         NaN     -0.0940           
499099.275      878708.6091     22.711     30.374     0.127037     0.313520     -0.941046                      NaN         NaN     -0.0941           
499100.275      872677.3058     22.834     30.668     0.128994     0.310301     -0.941846                      NaN         NaN     -0.0942           
499101.275      866666.9580     22.960     30.966     0.130979     0.307020     -0.942647                      NaN         NaN     -0.0943           
499102.275      860678.0086     23.088     31.267     0.132991     0.303674     -0.943449                      NaN         NaN     -0.0943           
499103.275      854710.9255     23.218     31.572     0.135032     0.300263     -0.944250                      NaN         NaN     -0.0944           
499104.275      848766.1734     23.351     31.880     0.137101     0.296786     -0.945051                      NaN         NaN     -0.0945           
499105.275      842844.2333     23.487     32.192     0.139199     0.293240     -0.945851                      NaN         NaN     -0.0946           
499106.275      836945.5977     23.626     32.508     0.141326     0.289625     -0.946649                      NaN         NaN     -0.0947           
499107.275      831070.7713     23.767     32.828     0.143483     0.285939     -0.947445                      NaN         NaN     -0.0947           
499108.275      825220.2710     23.912     33.152     0.145670     0.282181     -0.948237                      NaN         NaN     -0.0948           
499109.275      819394.6212     24.059     33.479     0.147887     0.278350     -0.949026                      NaN         NaN     -0.0949           
499110.275      813594.3780     24.210     33.811     0.150134     0.274444     -0.949811                      NaN         NaN     -0.0950           
499111.275      807820.0883     24.364     34.147     0.152413     0.270462     -0.950590                      NaN         NaN     -0.0951           
499112.275      802072.3201     24.521     34.487     0.154723     0.266402     -0.951363                      NaN         NaN     -0.0951           
499113.275      796351.6558     24.682     34.831     0.157064     0.262263     -0.952129                      NaN         NaN     -0.0952           
499114.275      790658.6927     24.847     35.180     0.159437     0.258043     -0.952887                      NaN         NaN     -0.0953           
499115.275      784994.0399     25.015     35.533     0.161843     0.253741     -0.953636                      NaN         NaN     -0.0954           
499116.275      779358.3160     25.188     35.890     0.164281     0.249355     -0.954376                      NaN         NaN     -0.0954           
499117.275      773752.1744     25.364     36.252     0.166752     0.244884     -0.955105                      NaN         NaN     -0.0955           
499118.275      768176.2659     25.545     36.618     0.169256     0.240327     -0.955822                      NaN         NaN     -0.0956           
499119.275      762631.2617     25.729     36.989     0.171794     0.235681     -0.956526                      NaN         NaN     -0.0957           
499120.275      757117.8488     25.919     37.364     0.174366     0.230945     -0.957215                      NaN         NaN     -0.0957           
499121.275      751636.7303     26.112     37.745     0.176971     0.226118     -0.957889                      NaN         NaN     -0.0958           
499122.275      746188.6209     26.311     38.130     0.179610     0.221197     -0.958547                      NaN         NaN     -0.0959           
499123.275      740774.2668     26.515     38.519     0.182284     0.216182     -0.959186                      NaN         NaN     -0.0959           
499124.275      735394.4164     26.724     38.914     0.184993     0.211071     -0.959806                      NaN         NaN     -0.0960           
499125.275      730049.8403     26.938     39.314     0.187736     0.205862     -0.960404                      NaN         NaN     -0.0960           
499126.275      724741.3267     27.158     39.718     0.190515     0.200553     -0.960980                      NaN         NaN     -0.0961           
499127.275      719469.6815     27.384     40.128     0.193328     0.195143     -0.961532                      NaN         NaN     -0.0962           
499128.275      714235.7238     27.615     40.543     0.196176     0.189630     -0.962058                      NaN         NaN     -0.0962           
499129.275      709040.3060     27.853     40.962     0.199060     0.184013     -0.962556                      NaN         NaN     -0.0963           
499130.275      703884.2841     28.098     41.388     0.201980     0.178290     -0.963025                      NaN         NaN     -0.0963           
499131.275      698768.5376     28.349     41.818     0.204934     0.172460     -0.963462                      NaN         NaN     -0.0963           
499132.275      693693.9652     28.607     42.253     0.207924     0.166520     -0.963866                      NaN         NaN     -0.0964           
499133.275      688661.4846     28.873     42.694     0.210950     0.160470     -0.964235                      NaN         NaN     -0.0964           
499134.275      683672.0276     29.146     43.141     0.214010     0.154307     -0.964567                      NaN         NaN     -0.0965           
499135.275      678726.5607     29.428     43.592     0.217106     0.148030     -0.964858                      NaN         NaN     -0.0965           
499136.275      673826.0547     29.718     44.049     0.220237     0.141639     -0.965108                      NaN         NaN     -0.0965           
499137.275      668971.5048     30.016     44.512     0.223403     0.135131     -0.965314                      NaN         NaN     -0.0965           
499138.275      664163.9262     30.324     44.979     0.226603     0.128505     -0.965473                      NaN         NaN     -0.0965           
499139.275      659404.3534     30.641     45.453     0.229837     0.121759     -0.965582                      NaN         NaN     -0.0966           
499140.275      654693.8437     30.968     45.932     0.233106     0.114893     -0.965640                      NaN         NaN     -0.0966           
499141.275      650033.4629     31.306     46.416     0.236408     0.107905     -0.965644                      NaN         NaN     -0.0966           
499142.275      645424.3123     31.655     46.906     0.239743     0.100793     -0.965590                      NaN         NaN     -0.0966           
499143.275      640867.4980     32.015     47.401     0.243110     0.093558     -0.965476                      NaN         NaN     -0.0965           
499144.275      636364.1538     32.387     47.901     0.246510     0.086197     -0.965299                      NaN         NaN     -0.0965           
499145.275      631915.4296     32.771     48.407     0.249941     0.078711     -0.965056                      NaN         NaN     -0.0965           
499146.275      627522.4939     33.169     48.918     0.253403     0.071097     -0.964745                      NaN         NaN     -0.0965           
499147.275      623186.5281     33.581     49.435     0.256895     0.063355     -0.964361                      NaN         NaN     -0.0964           
499148.275      618908.7464     34.007     49.957     0.260415     0.055485     -0.963901                      NaN         NaN     -0.0964           
499149.275      614690.3652     34.449     50.484     0.263964     0.047487     -0.963363                      NaN         NaN     -0.0963           
499150.275      610532.6220     34.906     51.015     0.267540     0.039359     -0.962743                      NaN         NaN     -0.0963           
499151.275      606436.7706     35.381     51.552     0.271142     0.031101     -0.962037                      NaN         NaN     -0.0962           
499152.275      602404.0798     35.873     52.094     0.274769     0.022713     -0.961242                      NaN         NaN     -0.0961           
499153.275      598435.8327     36.384     52.640     0.278420     0.014196     -0.960355                      NaN         NaN     -0.0960           
499154.275      594533.3208     36.915     53.191     0.282093     0.005550     -0.959371                      NaN         NaN     -0.0959           
499155.275      590697.8636     37.467     53.746     0.285786    -0.003226     -0.958288                      NaN         NaN     -0.0958           
499156.275      586930.7763     38.041     54.305     0.289500    -0.012131     -0.957101                      NaN         NaN     -0.0957           
499157.275      583233.3899     38.638     54.868     0.293231    -0.021164     -0.955807                      NaN         NaN     -0.0956           
499158.275      579607.0440     39.260     55.435     0.296978    -0.030323     -0.954403                      NaN         NaN     -0.0954           
499159.275      576053.0862     39.908     56.004     0.300739    -0.039609     -0.952884                      NaN         NaN     -0.0953           
499160.275      572572.8650     40.584     56.577     0.304513    -0.049019     -0.951246                      NaN         NaN     -0.0951           
499161.275      569167.7489     41.288     57.153     0.308297    -0.058553     -0.949486                      NaN         NaN     -0.0949           
499162.275      565839.0943     42.024     57.731     0.312090    -0.068208     -0.947601                      NaN         NaN     -0.0948           
499163.275      562588.2637     42.792     58.311     0.315889    -0.077982     -0.945586                      NaN         NaN     -0.0946           
499164.275      559416.6194     43.595     58.892     0.319692    -0.087874     -0.943438                      NaN         NaN     -0.0943           
499165.275      556325.5208     44.434     59.474     0.323496    -0.097880     -0.941153                      NaN         NaN     -0.0941           
499166.275      553316.3180     45.312     60.057     0.327300    -0.107998     -0.938729                      NaN         NaN     -0.0939           
499167.275      550390.3697     46.232     60.639     0.331100    -0.118225     -0.936160                      NaN         NaN     -0.0936           
499168.275      547549.0102     47.195     61.221     0.334894    -0.128558     -0.933444                      NaN         NaN     -0.0933           
499169.275      544793.5680     48.205     61.801     0.338680    -0.138994     -0.930579                      NaN         NaN     -0.0931           
499170.275      542125.3597     49.264     62.378     0.342454    -0.149527     -0.927560                      NaN         NaN     -0.0928           
499171.275      539545.6824     50.374     62.952     0.346214    -0.160155     -0.924384                      NaN         NaN     -0.0924           
499172.275      537055.8157     51.540     63.522     0.349957    -0.170874     -0.921050                      NaN         NaN     -0.0921           
499173.275      534657.0130     52.764     64.087     0.353679    -0.181677     -0.917553                      NaN         NaN     -0.0918           
499174.275      532350.5212     54.050     64.646     0.357379    -0.192562     -0.913893                      NaN         NaN     -0.0914           
499175.275      530137.5442     55.401     65.198     0.361052    -0.203522     -0.910066                      NaN         NaN     -0.0910           
499176.275      528019.2619     56.820     65.741     0.364696    -0.214552     -0.906071                      NaN         NaN     -0.0906           
499177.275      525996.8225     58.311     66.274     0.368307    -0.225646     -0.901906                      NaN         NaN     -0.0902           
499178.275      524071.3394     59.878     66.795     0.371883    -0.236799     -0.897569                      NaN         NaN     -0.0898           
499179.275      522243.8838     61.523     67.304     0.375420    -0.248005     -0.893058                      NaN         NaN     -0.0893           
499180.275      520515.5018     63.250     67.798     0.378915    -0.259257     -0.888375                      NaN         NaN     -0.0888           
499181.275      518887.1818     65.062     68.276     0.382365    -0.270549     -0.883516                      NaN         NaN     -0.0884           
499182.275      517359.8721     66.961     68.736     0.385767    -0.281873     -0.878482                      NaN         NaN     -0.0878           
499183.275      515934.4730     68.950     69.176     0.389117    -0.293224     -0.873274                      NaN         NaN     -0.0873           
499184.275      514611.8344     71.029     69.594     0.392413    -0.304594     -0.867891                      NaN         NaN     -0.0868           
499266.420      726567.0047    175.475     39.270     0.424053    -0.872546     -0.242576                      NaN     -0.0436         NaN           
499267.420      731891.1233    175.691     38.866     0.422878    -0.874580     -0.237242                      NaN     -0.0437         NaN           
499268.420      737251.1163    175.901     38.468     0.421703    -0.876552     -0.231998                      NaN     -0.0438         NaN           
499269.420      742646.2002    176.106     38.074     0.420529    -0.878464     -0.226842                      NaN     -0.0439         NaN           
499270.420      748075.6099    176.306     37.686     0.419355    -0.880317     -0.221774                      NaN     -0.0440         NaN           
499271.420      753538.5974    176.501     37.302     0.418183    -0.882114     -0.216792                      NaN     -0.0441         NaN           
499272.420      759034.4317    176.692     36.923     0.417012    -0.883856     -0.211896                      NaN     -0.0442         NaN           
499273.420      764562.3980    176.878     36.548     0.415844    -0.885545     -0.207085                      NaN     -0.0443         NaN           
499274.420      770121.7993    177.059     36.179     0.414679    -0.887182     -0.202357                      NaN     -0.0444         NaN           
499275.420      775711.9530    177.236     35.814     0.413517    -0.888771     -0.197713                      NaN     -0.0444         NaN           
499276.420      781332.1930    177.410     35.453     0.412359    -0.890311     -0.193149                      NaN     -0.0445         NaN           
499277.420      786981.8683    177.579     35.097     0.411206    -0.891804     -0.188667                      NaN     -0.0446         NaN           
499278.420      792660.3433    177.744     34.745     0.410056    -0.893253     -0.184264                      NaN     -0.0447         NaN           
499279.420      798366.9972    177.906     34.397     0.408911    -0.894658     -0.179940                      NaN     -0.0447         NaN           
499280.420      804101.2232    178.064     34.054     0.407772    -0.896021     -0.175694                      NaN     -0.0448         NaN           
499281.420      809862.4302    178.219     33.715     0.406638    -0.897343     -0.171524                      NaN     -0.0449         NaN           
499282.420      815650.0394    178.371     33.380     0.405510    -0.898626     -0.167429                      NaN     -0.0449         NaN           
499283.420      821463.4865    178.519     33.050     0.404387    -0.899871     -0.163409                      NaN     -0.0450         NaN           
499284.420      827302.2201    178.664     32.723     0.403271    -0.901079     -0.159463                      NaN     -0.0451         NaN           
499285.420      833165.7022    178.806     32.400     0.402161    -0.902252     -0.155589                      NaN     -0.0451         NaN           
499286.420      839053.4070    178.945     32.081     0.401058    -0.903390     -0.151786                      NaN     -0.0452         NaN           
499287.420      844964.8221    179.081     31.766     0.399962    -0.904495     -0.148053                      NaN     -0.0452         NaN           
499288.420      850899.4464    179.215     31.455     0.398873    -0.905567     -0.144390                      NaN     -0.0453         NaN           
499289.420      856856.7909    179.346     31.148     0.397791    -0.906609     -0.140795                      NaN     -0.0453         NaN           
499290.420      862836.3748    179.474     30.844     0.396716    -0.907620     -0.137267                      NaN     -0.0454         NaN           
499291.420      868837.7390    179.600     30.544     0.395648    -0.908603     -0.133805                      NaN     -0.0454         NaN           
499292.420      874860.4251    179.723     30.247     0.394589    -0.909557     -0.130409                      NaN     -0.0455         NaN           
499293.420      880903.9891    179.844     29.954     0.393536    -0.910484     -0.127077                      NaN     -0.0455         NaN           
499294.420      886967.9972    179.963     29.664     0.392492    -0.911384     -0.123808                      NaN     -0.0456         NaN           
499295.420      893052.0260   -179.921     29.378     0.391456    -0.912260     -0.120602                      NaN     -0.0456         NaN           
499296.420      899155.6623   -179.807     29.095     0.390427    -0.913110     -0.117457                      NaN     -0.0457         NaN           
499297.420      905278.5025   -179.695     28.815     0.389407    -0.913937     -0.114372                      NaN     -0.0457         NaN           
499298.420      911420.1526   -179.585     28.539     0.388394    -0.914741     -0.111347                      NaN     -0.0457         NaN           
499299.420      917580.2278   -179.476     28.266     0.387390    -0.915523     -0.108380                      NaN     -0.0458         NaN           
499300.420      923758.3525   -179.370     27.996     0.386394    -0.916284     -0.105471                      NaN     -0.0458         NaN           
499301.420      929954.1599   -179.266     27.729     0.385406    -0.917023     -0.102619                      NaN     -0.0459         NaN           
499302.420      936167.2918   -179.164     27.465     0.384426    -0.917743     -0.099823                      NaN     -0.0459         NaN           
499303.420      942397.3983   -179.063     27.204     0.383455    -0.918443     -0.097082                      NaN     -0.0459         NaN           
499304.420      948644.1381   -178.964     26.946     0.382492    -0.919124     -0.094394                      NaN     -0.0460         NaN           
499305.420      954907.1775   -178.867     26.690     0.381537    -0.919788     -0.091760                      NaN     -0.0460         NaN           
499306.420      961186.1904   -178.772     26.438     0.380590    -0.920434     -0.089179                      NaN     -0.0460         NaN           
499307.420      967480.8588   -178.678     26.188     0.379652    -0.921062     -0.086649                      NaN     -0.0461         NaN           
499308.420      973790.8717   -178.585     25.942     0.378722    -0.921675     -0.084170                      NaN     -0.0461         NaN           
499309.420      980115.9256   -178.495     25.698     0.377801    -0.922272     -0.081741                      NaN     -0.0461         NaN           
499310.420      986455.7238   -178.405     25.456     0.376888    -0.922853     -0.079361                      NaN     -0.0461         NaN           
499311.420      992809.9768   -178.317     25.217     0.375983    -0.923419     -0.077029                      NaN     -0.0462         NaN           
499312.420      999178.4009   -178.231     24.981     0.375086    -0.923972     -0.074746                      NaN     -0.0462         NaN           
499313.420     1005560.7198   -178.146     24.747     0.374198    -0.924510     -0.072509                      NaN     -0.0462         NaN           
499314.420     1011956.6632   -178.062     24.516     0.373317    -0.925035     -0.070318                      NaN     -0.0463         NaN           
499315.420     1018365.9669   -177.980     24.287     0.372445    -0.925547     -0.068172                      NaN     -0.0463         NaN           
499316.420     1024788.3728   -177.899     24.061     0.371581    -0.926046     -0.066072                      NaN     -0.0463         NaN           
499317.420     1031223.6292   -177.819     23.837     0.370725    -0.926534     -0.064015                      NaN     -0.0463         NaN           
499318.420     1037671.4885   -177.740     23.615     0.369877    -0.927009     -0.062002                      NaN     -0.0464         NaN           
499319.420     1044131.7102   -177.663     23.396     0.369038    -0.927474     -0.060031                      NaN     -0.0464         NaN           
499320.420     1050604.0550   -177.587     23.179     0.368206    -0.927927     -0.058102                      NaN     -0.0464         NaN           
499321.420     1057088.3001   -177.512     22.964     0.367382    -0.928370     -0.056215                      NaN     -0.0464         NaN           
499322.420     1063584.2166   -177.438     22.752     0.366566    -0.928802     -0.054368                      NaN     -0.0464         NaN           
499323.420     1070091.5844   -177.365     22.541     0.365758    -0.929225     -0.052561                      NaN     -0.0465         NaN           
499324.420     1076610.1888   -177.293     22.333     0.364957    -0.929638     -0.050794                      NaN     -0.0465         NaN           
499325.420     1083139.8181   -177.222     22.126     0.364165    -0.930041     -0.049065                      NaN     -0.0465         NaN           
499326.420     1089680.2672   -177.152     21.922     0.363380    -0.930436     -0.047375                      NaN     -0.0465         NaN           
499327.420     1096231.3346   -177.083     21.720     0.362602    -0.930822     -0.045722                      NaN     -0.0465         NaN           
499328.420     1102792.8234   -177.016     21.520     0.361832    -0.931199     -0.044106                      NaN     -0.0466         NaN           
499329.420     1109364.5412   -176.949     21.322     0.361070    -0.931569     -0.042526                      NaN     -0.0466         NaN           
499330.420     1115946.3001   -176.883     21.125     0.360315    -0.931930     -0.040983                      NaN     -0.0466         NaN           
499331.420     1122537.9144   -176.818     20.931     0.359567    -0.932284     -0.039475                      NaN     -0.0466         NaN           
499332.420     1129139.2044   -176.754     20.738     0.358827    -0.932630     -0.038001                      NaN     -0.0466         NaN           
499333.420     1135749.9938   -176.691     20.548     0.358094    -0.932969     -0.036562                      NaN     -0.0466         NaN           
499334.420     1142370.1097   -176.628     20.359     0.357368    -0.933302     -0.035156                      NaN     -0.0467         NaN           
499335.420     1148999.3833   -176.567     20.171     0.356650    -0.933627     -0.033784                      NaN     -0.0467         NaN           
499336.420     1155637.6498   -176.506     19.986     0.355938    -0.933946     -0.032444                      NaN     -0.0467         NaN         

971920.811     1160719.8856    173.010     19.946     0.400692    -0.890078      0.217271                      NaN     -0.0445         NaN           
971921.811     1154037.7516    173.048     20.131     0.400481    -0.890737      0.214948                      NaN     -0.0445         NaN           
971922.811     1147364.0481    173.087     20.319     0.400266    -0.891399      0.212592                      NaN     -0.0446         NaN           
971923.811     1140698.9295    173.127     20.508     0.400047    -0.892064      0.210203                      NaN     -0.0446         NaN           
971924.811     1134042.5552    173.167     20.699     0.399822    -0.892732      0.207778                      NaN     -0.0446         NaN           
971925.811     1127395.0881    173.208     20.892     0.399592    -0.893404      0.205319                      NaN     -0.0447         NaN           
971926.811     1120756.6948    173.249     21.087     0.399357    -0.894078      0.202825                      NaN     -0.0447         NaN           
971927.811     1114127.5455    173.291     21.284     0.399116    -0.894756      0.200295                      NaN     -0.0447         NaN           
971928.811     1107507.8127    173.333     21.482     0.398870    -0.895436      0.197728                      NaN     -0.0448         NaN           
971929.811     1100897.6772    173.376     21.683     0.398619    -0.896119      0.195123                      NaN     -0.0448         NaN           
971930.811     1094297.3196    173.419     21.886     0.398361    -0.896805      0.192481                      NaN     -0.0448         NaN           
971931.811     1087706.9256    173.463     22.091     0.398098    -0.897493      0.189801                      NaN     -0.0449         NaN           
971932.811     1081126.6856    173.508     22.298     0.397828    -0.898184      0.187081                      NaN     -0.0449         NaN           
971933.811     1074556.7938    173.554     22.507     0.397551    -0.898876      0.184322                      NaN     -0.0449         NaN           
971934.811     1067997.4479    173.600     22.718     0.397269    -0.899571      0.181522                      NaN     -0.0450         NaN           
971935.811     1061448.8540    173.646     22.931     0.396979    -0.900267      0.178681                      NaN     -0.0450         NaN           
971936.811     1054911.2190    173.694     23.147     0.396682    -0.900965      0.175799                      NaN     -0.0450         NaN           
971937.811     1048384.7556    173.742     23.365     0.396378    -0.901664      0.172874                      NaN     -0.0451         NaN           
971938.811     1041869.6816    173.791     23.585     0.396067    -0.902365      0.169905                      NaN     -0.0451         NaN           
971939.811     1035366.2198    173.840     23.807     0.395748    -0.903067      0.166893                      NaN     -0.0452         NaN           
971940.811     1028874.6022    173.891     24.032     0.395421    -0.903770      0.163836                      NaN     -0.0452         NaN           
971941.811     1022395.0587    173.942     24.260     0.395086    -0.904473      0.160734                      NaN     -0.0452         NaN           
971942.811     1015927.8292    173.994     24.489     0.394743    -0.905177      0.157586                      NaN     -0.0453         NaN           
971943.811     1009473.1523    174.047     24.722     0.394391    -0.905880      0.154391                      NaN     -0.0453         NaN           
971944.811     1003031.2804    174.100     24.957     0.394031    -0.906584      0.151147                      NaN     -0.0453         NaN           
971945.811      996602.4716    174.155     25.194     0.393661    -0.907287      0.147856                      NaN     -0.0454         NaN           
971946.811      990186.9878    174.210     25.434     0.393281    -0.907990      0.144515                      NaN     -0.0454         NaN           
971947.811      983785.0963    174.267     25.677     0.392892    -0.908691      0.141123                      NaN     -0.0454         NaN           
971948.811      977397.0743    174.324     25.922     0.392494    -0.909391      0.137681                      NaN     -0.0455         NaN           
971949.811      971023.2018    174.382     26.171     0.392084    -0.910090      0.134187                      NaN     -0.0455         NaN           
971950.811      964663.7670    174.441     26.422     0.391665    -0.910787      0.130639                      NaN     -0.0455         NaN           
971951.811      958319.0648    174.501     26.676     0.391234    -0.911481      0.127038                      NaN     -0.0456         NaN           
971952.811      951989.3974    174.562     26.933     0.390792    -0.912172      0.123383                      NaN     -0.0456         NaN           
971953.811      945675.0730    174.625     27.193     0.390339    -0.912861      0.119671                      NaN     -0.0456         NaN           
971954.811      939376.4110    174.688     27.456     0.389873    -0.913545      0.115903                      NaN     -0.0457         NaN           
971955.811      933093.7348    174.753     27.722     0.389396    -0.914226      0.112078                      NaN     -0.0457         NaN           
971956.811      926827.3770    174.818     27.991     0.388905    -0.914903      0.108194                      NaN     -0.0457         NaN           
971957.811      920577.6781    174.885     28.263     0.388402    -0.915574      0.104250                      NaN     -0.0458         NaN           
971958.811      914344.9874    174.953     28.539     0.387885    -0.916240      0.100246                      NaN     -0.0458         NaN           
971959.811      908129.6611    175.022     28.818     0.387355    -0.916900      0.096181                      NaN     -0.0458         NaN           
971960.811      901932.0680    175.093     29.100     0.386810    -0.917554      0.092053                      NaN     -0.0459         NaN           
971961.811      895752.5823    175.165     29.386     0.386250    -0.918200      0.087861                      NaN     -0.0459         NaN           
971962.811      889591.5886    175.238     29.675     0.385676    -0.918839      0.083604                      NaN     -0.0459         NaN           
971963.811      883449.4811    175.313     29.967     0.385085    -0.919469      0.079281                      NaN     -0.0460         NaN           
971964.811      877326.6637    175.389     30.264     0.384479    -0.920091      0.074892                      NaN     -0.0460         NaN           
971965.811      871223.5504    175.466     30.564     0.383856    -0.920703      0.070434                      NaN     -0.0460         NaN           
971966.811      865140.5643    175.545     30.867     0.383216    -0.921304      0.065907                      NaN     -0.0461         NaN           
971967.811      859078.1422    175.626     31.175     0.382559    -0.921895      0.061310                      NaN     -0.0461         NaN           
971968.811      853036.7287    175.709     31.486     0.381883    -0.922473      0.056641                      NaN     -0.0461         NaN           
971969.811      847016.7803    175.793     31.801     0.381189    -0.923039      0.051900                      NaN     -0.0462         NaN           
971970.811      841018.7700    175.878     32.120     0.380475    -0.923592      0.047084                      NaN     -0.0462         NaN           
971971.811      835043.1708    175.966     32.444     0.379742    -0.924130      0.042194                      NaN     -0.0462         NaN           
971972.811      829090.4720    176.055     32.771     0.378988    -0.924652      0.037227                      NaN     -0.0462         NaN           
971973.811      823161.1824    176.147     33.103     0.378214    -0.925159      0.032182                      NaN     -0.0463         NaN           
971974.811      817255.8175    176.240     33.439     0.377417    -0.925648      0.027059                      NaN     -0.0463         NaN           
971975.811      811374.9066    176.335     33.779     0.376599    -0.926119      0.021856                      NaN     -0.0463         NaN           
971976.811      805518.9922    176.433     34.123     0.375757    -0.926570      0.016571                      NaN     -0.0463         NaN           
971977.811      799688.6303    176.532     34.472     0.374891    -0.927001      0.011204                      NaN     -0.0464         NaN           
971978.811      793884.3898    176.634     34.826     0.374001    -0.927410      0.005752                      NaN     -0.0464         NaN           
971979.811      788106.8562    176.738     35.184     0.373086    -0.927797      0.000216                      NaN     -0.0464         NaN           
971980.811      782356.6270    176.845     35.547     0.372145    -0.928159     -0.005407                      NaN     -0.0464         NaN           
971981.811      776634.3154    176.954     35.915     0.371178    -0.928495     -0.011117                      NaN     -0.0464         NaN           
971982.811      770940.5497    177.066     36.288     0.370183    -0.928805     -0.016917                      NaN     -0.0464         NaN           
971983.811      765275.9736    177.180     36.665     0.369159    -0.929086     -0.022807                      NaN     -0.0465         NaN           
971984.811      759641.2467    177.298     37.048     0.368107    -0.929338     -0.028788                      NaN     -0.0465         NaN           
971985.811      754037.0440    177.418     37.435     0.367024    -0.929558     -0.034863                      NaN     -0.0465         NaN           
971986.811      748464.0589    177.541     37.828     0.365911    -0.929745     -0.041031                      NaN     -0.0465         NaN           
971987.811      742922.9996    177.667     38.226     0.364765    -0.929898     -0.047295                      NaN     -0.0465         NaN           
971988.811      737414.5922    177.797     38.630     0.363587    -0.930014     -0.053656                      NaN     -0.0465         NaN           
971989.811      731939.5802    177.930     39.039     0.362375    -0.930092     -0.060114                      NaN     -0.0465         NaN           
971990.811      726498.7248    178.066     39.453     0.361129    -0.930130     -0.066671                      NaN     -0.0465         NaN           
971991.811      721092.8052    178.206     39.873     0.359847    -0.930125     -0.073329                      NaN     -0.0465         NaN           
971992.811      715722.6198    178.350     40.299     0.358528    -0.930077     -0.080088                      NaN     -0.0465         NaN           
971993.811      710388.9847    178.498     40.730     0.357171    -0.929983     -0.086950                      NaN     -0.0465         NaN           
971994.811      705092.7355    178.650     41.167     0.355775    -0.929841     -0.093916                      NaN     -0.0465         NaN           
971995.811      699834.7269    178.806     41.611     0.354340    -0.929648     -0.100986                      NaN     -0.0465         NaN           
971996.811      694615.8332    178.967     42.060     0.352863    -0.929402     -0.108163                      NaN     -0.0465         NaN           
971997.811      689436.9486    179.133     42.515     0.351344    -0.929102     -0.115446                      NaN     -0.0465         NaN           
971998.811      684298.9875    179.303     42.976     0.349782    -0.928743     -0.122837                      NaN     -0.0464         NaN           
971999.811      679202.8842    179.478     43.444     0.348175    -0.928325     -0.130336                      NaN     -0.0464         NaN           
972000.811      674149.5986    179.659     43.917     0.346522    -0.927844     -0.137945                      NaN     -0.0464         NaN           
972001.811      669140.0998    179.846     44.397     0.344822    -0.927297     -0.145665                      NaN     -0.0464         NaN           
972002.811      664175.3825   -179.962     44.884     0.343074    -0.926682     -0.153495                      NaN     -0.0463         NaN           
972003.811      659256.4672   -179.763     45.377     0.341276    -0.925996     -0.161437                      NaN     -0.0463         NaN           
972004.811      654384.3925   -179.559     45.876     0.339428    -0.925236     -0.169491                      NaN     -0.0463         NaN           
972005.811      649560.2176   -179.347     46.382     0.337527    -0.924399     -0.177658                      NaN     -0.0462         NaN           
972006.811      644785.0229   -179.128     46.895     0.335572    -0.923482     -0.185938                      NaN     -0.0462         NaN           
972007.811      640059.9100   -178.902     47.414     0.333563    -0.922481     -0.194331                      NaN     -0.0461         NaN           
972008.811      635386.0013   -178.667     47.941     0.331498    -0.921393     -0.202837                      NaN     -0.0461         NaN           
972009.811      630764.4403   -178.425     48.474     0.329375    -0.920216     -0.211457                      NaN     -0.0460         NaN           
972010.811      626196.3913   -178.174     49.013     0.327194    -0.918945     -0.220190                      NaN     -0.0459         NaN           
972011.811      621683.0382   -177.913     49.560     0.324952    -0.917578     -0.229037                      NaN     -0.0459         NaN           
972012.811      617225.5862   -177.643     50.113     0.322648    -0.916109     -0.237995                      NaN     -0.0458         NaN           
972013.811      612825.2597   -177.363     50.674     0.320281    -0.914537     -0.247067                      NaN     -0.0457         NaN           
972014.811      608483.3028   -177.072     51.241     0.317850    -0.912857     -0.256249                      NaN     -0.0456         NaN           
972015.811      604200.9787   -176.769     51.815     0.315354    -0.911065     -0.265542                      NaN     -0.0456         NaN           
972016.811      599979.5691   -176.454     52.396     0.312790    -0.909158     -0.274945                      NaN     -0.0455         NaN           
972017.811      595820.3723   -176.126     52.984     0.310158    -0.907131     -0.284456                      NaN     -0.0454         NaN           
972018.811      591724.7051   -175.785     53.578     0.307456    -0.904981     -0.294074                      NaN     -0.0452         NaN           
972019.811      587693.8999   -175.429     54.180     0.304684    -0.902704     -0.303798                      NaN     -0.0451         NaN           
972020.811      583729.3047   -175.058     54.788     0.301839    -0.900296     -0.313625                      NaN     -0.0450         NaN           
972021.811      579832.2816   -174.670     55.402     0.298920    -0.897753     -0.323553                      NaN     -0.0449         NaN           
972022.811      576004.2070   -174.264     56.024     0.295927    -0.895070     -0.333581                      NaN     -0.0448         NaN           
972023.811      572246.4669   -173.840     56.651     0.292859    -0.892245     -0.343705                      NaN     -0.0446         NaN           
972024.811      568560.4605   -173.396     57.285     0.289713    -0.889272     -0.353923                      NaN     -0.0445         NaN           
972025.811      564947.5956   -172.930     57.925     0.286489    -0.886148     -0.364233                      NaN     -0.0443         NaN           
972026.811      561409.2879   -172.441     58.571     0.283187    -0.882869     -0.374630                      NaN     -0.0441         NaN           
972027.811      557946.9593   -171.928     59.222     0.279805    -0.879431     -0.385111                      NaN     -0.0440         NaN           
972028.811      554562.0363   -171.388     59.879     0.276342    -0.875830     -0.395672                      NaN     -0.0438         NaN           
972029.811      551255.9494   -170.819     60.542     0.272798    -0.872063     -0.406310                      NaN     -0.0436         NaN           
972030.811      548030.1290   -170.220     61.209     0.269172    -0.868125     -0.417020                      NaN     -0.0434         NaN           
972076.811      505937.2556    -53.483     73.322     0.030876    -0.490635     -0.870818                      NaN         NaN     -0.0871           
972077.811      507533.0001    -51.533     72.690     0.025124    -0.479385     -0.877245                      NaN         NaN     -0.0877           
972078.811      509231.5963    -49.729     72.044     0.019404    -0.468112     -0.883456                      NaN         NaN     -0.0883           
972079.811      511032.0153    -48.058     71.387     0.013719    -0.456824     -0.889451                      NaN         NaN     -0.0889           
972080.811      512933.1850    -46.510     70.722     0.008071    -0.445530     -0.895231                      NaN         NaN     -0.0895           
972081.811      514933.9792    -45.072     70.048     0.002464    -0.434235     -0.900796                      NaN         NaN     -0.0901           
972082.811      517033.2409    -43.735     69.370    -0.003099    -0.422949     -0.906148                      NaN         NaN     -0.0906           
972083.811      519229.7721    -42.491     68.687    -0.008616    -0.411678     -0.911289                      NaN         NaN     -0.0911           
972084.811      521522.3400    -41.330     68.001    -0.014085    -0.400429     -0.916220                      NaN         NaN     -0.0916           
972085.811      523909.6797    -40.245     67.313    -0.019503    -0.389209     -0.920943                      NaN         NaN     -0.0921           
972086.811      526390.5014    -39.231     66.625    -0.024868    -0.378025     -0.925462                      NaN         NaN     -0.0925           
972087.811      528963.4784    -38.280     65.936    -0.030177    -0.366882     -0.929778                      NaN         NaN     -0.0930           
972088.811      531627.2718    -37.388     65.249    -0.035430    -0.355788     -0.933895                      NaN         NaN     -0.0934           
972089.811      534380.5193    -36.549     64.564    -0.040625    -0.344747     -0.937816                      NaN         NaN     -0.0938           
972090.811      537221.8385    -35.760     63.881    -0.045759    -0.333765     -0.941545                      NaN         NaN     -0.0942           
972091.811      540149.8375    -35.016     63.200    -0.050831    -0.322848     -0.945085                      NaN         NaN     -0.0945           
972092.811      543163.1115    -34.314     62.523    -0.055841    -0.312001     -0.948439                      NaN         NaN     -0.0948           
972093.811      546260.2462    -33.650     61.850    -0.060787    -0.301227     -0.951613                      NaN         NaN     -0.0952           
972094.811      549439.8112    -33.022     61.182    -0.065668    -0.290532     -0.954609                      NaN         NaN     -0.0955           
972095.811      552700.3825    -32.426     60.518    -0.070483    -0.279920     -0.957432                      NaN         NaN     -0.0957           
972096.811      556040.5299    -31.861     59.859    -0.075231    -0.269395     -0.960087                      NaN         NaN     -0.0960           
972097.811      559458.8230    -31.324     59.205    -0.079912    -0.258959     -0.962577                      NaN         NaN     -0.0963           
972098.811      562953.8329    -30.814     58.557    -0.084526    -0.248617     -0.964907                      NaN         NaN     -0.0965           
972099.811      566524.1381    -30.328     57.915    -0.089071    -0.238371     -0.967081                      NaN         NaN     -0.0967           
972100.811      570168.3111    -29.865     57.278    -0.093548    -0.228225     -0.969104                      NaN         NaN     -0.0969           
972101.811      573884.9430    -29.423     56.648    -0.097957    -0.218181     -0.970980                      NaN         NaN     -0.0971           
972102.811      577672.6295    -29.001     56.024    -0.102296    -0.208240     -0.972713                      NaN         NaN     -0.0973           
972103.811      581529.9764    -28.598     55.407    -0.106568    -0.198406     -0.974309                      NaN         NaN     -0.0974           
972104.811      585455.6011    -28.212     54.796    -0.110770    -0.188679     -0.975771                      NaN         NaN     -0.0976           
972105.811      589448.1373    -27.842     54.191    -0.114905    -0.179063     -0.977105                      NaN         NaN     -0.0977           
972106.811      593506.2210    -27.488     53.593    -0.118971    -0.169557     -0.978313                      NaN         NaN     -0.0978           
972107.811      597628.5148    -27.148     53.002    -0.122970    -0.160164     -0.979401                      NaN         NaN     -0.0979           
972108.811      601813.6930    -26.822     52.418    -0.126902    -0.150883     -0.980372                      NaN         NaN     -0.0980           
972109.811      606060.4466    -26.509     51.841    -0.130766    -0.141717     -0.981232                      NaN         NaN     -0.0981           
972110.811      610367.4841    -26.207     51.270    -0.134564    -0.132666     -0.981984                      NaN         NaN     -0.0982           
972111.811      614733.5361    -25.917     50.707    -0.138297    -0.123729     -0.982632                      NaN         NaN     -0.0983           
972112.811      619157.3398    -25.638     50.150    -0.141964    -0.114908     -0.983180                      NaN         NaN     -0.0983           
972113.811      623637.6636    -25.369     49.600    -0.145567    -0.106203     -0.983632                      NaN         NaN     -0.0984           
972114.811      628173.2917    -25.109     49.057    -0.149107    -0.097614     -0.983991                      NaN         NaN     -0.0984           
972115.811      632763.0282    -24.859     48.521    -0.152583    -0.089140     -0.984262                      NaN         NaN     -0.0984           
972116.811      637405.6976    -24.617     47.991    -0.155997    -0.080782     -0.984449                      NaN         NaN     -0.0984           
972117.811      642100.1450    -24.384     47.468    -0.159349    -0.072538     -0.984554                      NaN         NaN     -0.0985           
972118.811      646845.2402    -24.158     46.952    -0.162641    -0.064410     -0.984581                      NaN         NaN     -0.0985           
972119.811      651639.8622    -23.940     46.443    -0.165874    -0.056395     -0.984533                      NaN         NaN     -0.0985           
972120.811      656482.9185    -23.729     45.940    -0.169047    -0.048494     -0.984414                      NaN         NaN     -0.0984           
972121.811      661373.3445    -23.525     45.444    -0.172162    -0.040706     -0.984227                      NaN         NaN     -0.0984           
972122.811      666310.0901    -23.327     44.954    -0.175221    -0.033030     -0.983975                      NaN         NaN     -0.0984           
972123.811      671292.1243    -23.135     44.471    -0.178223    -0.025465     -0.983661                      NaN         NaN     -0.0984           
972124.811      676318.4432    -22.949     43.994    -0.181170    -0.018010     -0.983287                      NaN         NaN     -0.0983           
972125.811      681388.0518    -22.769     43.523    -0.184062    -0.010664     -0.982857                      NaN         NaN     -0.0983           
972126.811      686499.9877    -22.593     43.059    -0.186901    -0.003427     -0.982373                      NaN         NaN     -0.0982           
972127.811      691653.3051    -22.423     42.600    -0.189688     0.003704     -0.981837                      NaN         NaN     -0.0982           
972128.811      696847.0787    -22.258     42.148    -0.192423     0.010728     -0.981253                      NaN         NaN     -0.0981           
972129.811      702080.4033    -22.098     41.702    -0.195108     0.017648     -0.980623                      NaN         NaN     -0.0981           
972130.811      707352.3977    -21.942     41.262    -0.197743     0.024464     -0.979949                      NaN         NaN     -0.0980           
972131.811      712662.1883    -21.790     40.828    -0.200329     0.031178     -0.979233                      NaN         NaN     -0.0979           
972132.811      718008.9332    -21.642     40.399    -0.202867     0.037791     -0.978477                      NaN         NaN     -0.0978           
972133.811      723391.8053    -21.499     39.976    -0.205358     0.044304     -0.977684                      NaN         NaN     -0.0978           
972134.811      728809.9967    -21.359     39.559    -0.207804     0.050719     -0.976855                      NaN         NaN     -0.0977           
972135.811      734262.7178    -21.222     39.147    -0.210204     0.057037     -0.975992                      NaN         NaN     -0.0976           
972136.811      739749.1976    -21.090     38.741    -0.212560     0.063259     -0.975098                      NaN         NaN     -0.0975           
972137.811      745268.6868    -20.960     38.340    -0.214873     0.069387     -0.974174                      NaN         NaN     -0.0974           
972138.811      750820.4418    -20.834     37.944    -0.217143     0.075421     -0.973222                      NaN         NaN     -0.0973           
972139.811      756403.7484    -20.711     37.554    -0.219372     0.081365     -0.972243                      NaN         NaN     -0.0972           
972140.811      762017.9052    -20.591     37.169    -0.221559     0.087217     -0.971239                      NaN         NaN     -0.0971           
972141.811      767662.2276    -20.473     36.789    -0.223708     0.092981     -0.970211                      NaN         NaN     -0.0970           
972142.811      773336.0473    -20.359     36.413    -0.225816     0.098658     -0.969161                      NaN         NaN     -0.0969           
972143.811      779038.7160    -20.247     36.043    -0.227887     0.104248     -0.968091                      NaN         NaN     -0.0968           
972144.811      784769.5889    -20.138     35.678    -0.229920     0.109754     -0.967001                      NaN         NaN     -0.0967           
972145.811      790528.0486    -20.031     35.317    -0.231917     0.115176     -0.965893                      NaN         NaN     -0.0966           
972146.811      796313.4888    -19.927     34.961    -0.233878     0.120516     -0.964768                      NaN         NaN     -0.0965           
972147.811      802125.3176    -19.825     34.610    -0.235803     0.125776     -0.963627                      NaN         NaN     -0.0964           
972148.811      807962.9576    -19.725     34.263    -0.237694     0.130956     -0.962472                      NaN         NaN     -0.0962           
972149.811      813825.8493    -19.628     33.920    -0.239552     0.136058     -0.961303                      NaN         NaN     -0.0961           
972150.811      819713.4299    -19.532     33.582    -0.241376     0.141083     -0.960121                      NaN         NaN     -0.0960           
972151.811      825625.1743    -19.439     33.248    -0.243169     0.146033     -0.958928                      NaN         NaN     -0.0959           
972152.811      831560.5595    -19.347     32.919    -0.244930     0.150909     -0.957724                      NaN         NaN     -0.0958           
972153.811      837519.0720    -19.258     32.593    -0.246660     0.155712     -0.956511                      NaN         NaN     -0.0957           
972154.811      843500.2137    -19.170     32.272    -0.248359     0.160444     -0.955288                      NaN         NaN     -0.0955           
972155.811      849503.4983    -19.084     31.955    -0.250030     0.165105     -0.954057                      NaN         NaN     -0.0954           
972156.811      855528.4555    -19.000     31.642    -0.251671     0.169697     -0.952819                      NaN         NaN     -0.0953           
972157.811      861574.6146    -18.917     31.332    -0.253284     0.174221     -0.951575                      NaN         NaN     -0.0952           
972158.811      867641.5279    -18.836     31.026    -0.254869     0.178678     -0.950324                      NaN         NaN     -0.0950           
972159.811      873728.7548    -18.757     30.725    -0.256428     0.183070     -0.949068                      NaN         NaN     -0.0949           
972160.811      879835.8655    -18.679     30.426    -0.257960     0.187398     -0.947807                      NaN         NaN     -0.0948           
972161.811      885962.4404    -18.602     30.132    -0.259466     0.191662     -0.946543                      NaN         NaN     -0.0947           
972162.811      892108.0742    -18.528     29.841    -0.260946     0.195864     -0.945275                      NaN         NaN     -0.0945           
972163.811      898272.3594    -18.454     29.553    -0.262402     0.200005     -0.944004                      NaN         NaN     -0.0944           
972164.811      904454.9103    -18.382     29.269    -0.263834     0.204087     -0.942730                      NaN         NaN     -0.0943           
972165.811      910655.3464    -18.311     28.989    -0.265242     0.208109     -0.941455                      NaN         NaN     -0.0941           
972166.811      916873.2965    -18.241     28.712    -0.266627     0.212074     -0.940178                      NaN         NaN     -0.0940           
972167.811      923108.3982    -18.173     28.437    -0.267989     0.215982     -0.938900                      NaN         NaN     -0.0939           
972168.811      929360.3018    -18.106     28.167    -0.269329     0.219835     -0.937622                      NaN         NaN     -0.0938           
972169.811      935628.6542    -18.040     27.899    -0.270647     0.223633     -0.936343                      NaN         NaN     -0.0936           
972170.811      941913.1225    -17.975     27.635    -0.271944     0.227377     -0.935065                      NaN         NaN     -0.0935           
972171.811      948213.3778    -17.911     27.373    -0.273220     0.231068     -0.933787                      NaN         NaN     -0.0934           
972172.811      954529.0988    -17.849     27.115    -0.274476     0.234708     -0.932510                      NaN         NaN     -0.0933           
972173.811      960859.9721    -17.787     26.859    -0.275711     0.238297     -0.931235                      NaN         NaN     -0.0931           
972174.811      967205.6956    -17.727     26.606    -0.276928     0.241836     -0.929961                      NaN         NaN     -0.0930           
972175.811      973565.9626    -17.667     26.357    -0.278125     0.245326     -0.928688                      NaN         NaN     -0.0929           
972176.811      979940.4851    -17.609     26.110    -0.279304     0.248767     -0.927418                      NaN         NaN     -0.0927           
972177.811      986328.9782    -17.551     25.865    -0.280464     0.252162     -0.926150                      NaN         NaN     -0.0926           
972178.811      992731.1636    -17.494     25.624    -0.281606     0.255510     -0.924885                      NaN         NaN     -0.0925           
972179.811      999146.7694    -17.438     25.385    -0.282731     0.258813     -0.923623                      NaN         NaN     -0.0924           
972180.811     1005575.5249    -17.383     25.149    -0.283839     0.262071     -0.922363                      NaN         NaN     -0.0922           
972181.811     1012017.1813    -17.329     24.915    -0.284930     0.265285     -0.921107                      NaN         NaN     -0.0921           
972182.811     1018471.4800    -17.276     24.684    -0.286005     0.268456     -0.919855                      NaN         NaN     -0.0920           
972183.811     1024938.1735    -17.224     24.456    -0.287064     0.271584     -0.918606                      NaN         NaN     -0.0919           
972184.811     1031417.0200    -17.172     24.229    -0.288107     0.274671     -0.917360                      NaN         NaN     -0.0917           
972185.811     1037907.7832    -17.121     24.006    -0.289134     0.277718     -0.916119                      NaN         NaN     -0.0916           
972186.811     1044410.2323    -17.071     23.784    -0.290147     0.280724     -0.914882                      NaN         NaN     -0.0915           
972187.811     1050924.1454    -17.022     23.565    -0.291144     0.283690     -0.913649                      NaN         NaN     -0.0914           
972188.811     1057449.2945    -16.973     23.349    -0.292128     0.286618     -0.912421                      NaN         NaN     -0.0912           
972189.811     1063985.4677    -16.925     23.134    -0.293097     0.289508     -0.911197                      NaN         NaN     -0.0911           
972190.811     1070532.4544    -16.878     22.922    -0.294052     0.292361     -0.909977                      NaN         NaN     -0.0910           
972191.811     1077090.0488    -16.831     22.712    -0.294994     0.295177     -0.908763                      NaN         NaN     -0.0909           
972192.811     1083658.0494    -16.785     22.504    -0.295922     0.297957     -0.907553                      NaN         NaN     -0.0908           
972193.811     1090236.2633    -16.740     22.298    -0.296838     0.300702     -0.906348                      NaN         NaN     -0.0906           
972194.811     1096824.4902    -16.696     22.094    -0.297740     0.303411     -0.905148                      NaN         NaN     -0.0905           
972195.811     1103422.5460    -16.651     21.892    -0.298630     0.306087     -0.903953                      NaN         NaN     -0.0904           
972196.811     1110030.2463    -16.608     21.692    -0.299508     0.308730     -0.902763                      NaN         NaN     -0.0903           
972197.811     1116647.4114    -16.565     21.495    -0.300374     0.311339     -0.901578                      NaN         NaN     -0.0902           
972198.811     1123273.8649    -16.523     21.299    -0.301229     0.313916     -0.900399                      NaN         NaN     -0.0900           
972199.811     1129909.4348    -16.481     21.105    -0.302071     0.316461     -0.899225                      NaN         NaN     -0.0899           
972200.811     1136553.9563    -16.440     20.913    -0.302903     0.318975     -0.898056                      NaN         NaN     -0.0898           
972201.811     1143207.2569    -16.399     20.723    -0.303723     0.321458     -0.896893                      NaN         NaN     -0.0897           
972202.811     1149869.1791    -16.359     20.534    -0.304533     0.323911     -0.895735                      NaN         NaN     -0.0896           
972203.811     1156539.5652    -16.320     20.348    -0.305332     0.326335     -0.894583                      NaN         NaN     -0.0895           

  