63926.550     1100055.8805     11.469     22.266     0.148101    -0.244325     -0.958317                      NaN         NaN     -0.0958           
 63927.550     1093464.2674     11.442     22.471     0.147553    -0.242048     -0.958979                      NaN         NaN     -0.0959           
 63928.550     1086882.6290     11.414     22.678     0.146995    -0.239736     -0.959645                      NaN         NaN     -0.0960           
 63929.550     1080311.1566     11.386     22.887     0.146426    -0.237389     -0.960316                      NaN         NaN     -0.0960           
 63930.550     1073750.0482     11.357     23.099     0.145847    -0.235006     -0.960989                      NaN         NaN     -0.0961           
 63931.550     1067199.4980     11.328     23.312     0.145256    -0.232587     -0.961667                      NaN         NaN     -0.0962           
 63932.550     1060659.7111     11.298     23.528     0.144655    -0.230131     -0.962348                      NaN         NaN     -0.0962           
 63933.550     1054130.9005     11.268     23.746     0.144043    -0.227637     -0.963033                      NaN         NaN     -0.0963           
 63934.550     1047613.2781     11.238     23.966     0.143419    -0.225104     -0.963721                      NaN         NaN     -0.0964           
 63935.550     1041107.0626     11.206     24.189     0.142784    -0.222533     -0.964413                      NaN         NaN     -0.0964           
 63936.550     1034612.4779     11.174     24.414     0.142136    -0.219921     -0.965107                      NaN         NaN     -0.0965           
 63937.550     1028129.7530     11.142     24.642     0.141477    -0.217269     -0.965805                      NaN         NaN     -0.0966           
 63938.550     1021659.1203     11.109     24.872     0.140805    -0.214575     -0.966505                      NaN         NaN     -0.0967           
 63939.550     1015200.8235     11.075     25.104     0.140120    -0.211840     -0.967207                      NaN         NaN     -0.0967           
 63940.550     1008755.1062     11.041     25.339     0.139423    -0.209061     -0.967913                      NaN         NaN     -0.0968           
 63941.550     1002322.2196     11.006     25.577     0.138712    -0.206239     -0.968620                      NaN         NaN     -0.0969           
 63942.550      995902.4209     10.971     25.817     0.137988    -0.203372     -0.969329                      NaN         NaN     -0.0969           
 63943.550      989495.9734     10.935     26.060     0.137251    -0.200460     -0.970040                      NaN         NaN     -0.0970           
 63944.550      983103.1448     10.898     26.306     0.136499    -0.197502     -0.970753                      NaN         NaN     -0.0971           
 63945.550      976724.2146     10.860     26.554     0.135733    -0.194497     -0.971467                      NaN         NaN     -0.0971           
 63946.550      970359.4637     10.822     26.805     0.134952    -0.191444     -0.972182                      NaN         NaN     -0.0972           
 63947.550      964009.1813     10.783     27.060     0.134157    -0.188342     -0.972897                      NaN         NaN     -0.0973           
 63948.550      957673.6637     10.743     27.317     0.133346    -0.185191     -0.973613                      NaN         NaN     -0.0974           
 63949.550      951353.2144     10.702     27.577     0.132520    -0.181989     -0.974330                      NaN         NaN     -0.0974           
 63950.550      945048.1441     10.661     27.840     0.131678    -0.178736     -0.975046                      NaN         NaN     -0.0975           
 63951.550      938758.7694     10.619     28.106     0.130820    -0.175430     -0.975762                      NaN         NaN     -0.0976           
 63952.550      932485.4198     10.576     28.375     0.129945    -0.172070     -0.976476                      NaN         NaN     -0.0976           
 63953.550      926228.4274     10.532     28.648     0.129054    -0.168657     -0.977190                      NaN         NaN     -0.0977           
 63954.550      919988.1344     10.487     28.924     0.128145    -0.165188     -0.977902                      NaN         NaN     -0.0978           
 63955.550      913764.8913     10.441     29.203     0.127219    -0.161662     -0.978612                      NaN         NaN     -0.0979           
 63956.550      907559.0571     10.394     29.485     0.126275    -0.158079     -0.979319                      NaN         NaN     -0.0979           
 63957.550      901370.9981     10.346     29.771     0.125313    -0.154438     -0.980023                      NaN         NaN     -0.0980           
 63958.550      895201.0945     10.298     30.060     0.124332    -0.150737     -0.980724                      NaN         NaN     -0.0981           
 63959.550      889049.7309     10.248     30.353     0.123333    -0.146975     -0.981421                      NaN         NaN     -0.0981           
 63960.550      882917.3057     10.197     30.650     0.122313    -0.143151     -0.982114                      NaN         NaN     -0.0982           
 63961.550      876804.2191     10.145     30.950     0.121274    -0.139265     -0.982801                      NaN         NaN     -0.0983           
 63962.550      870710.8893     10.092     31.254     0.120215    -0.135314     -0.983483                      NaN         NaN     -0.0983           
 63963.550      864637.7407     10.038     31.561     0.119135    -0.131298     -0.984158                      NaN         NaN     -0.0984           
 63964.550      858585.2128      9.982     31.873     0.118034    -0.127216     -0.984827                      NaN         NaN     -0.0985           
 63965.550      852553.7514      9.925     32.188     0.116912    -0.123066     -0.985488                      NaN         NaN     -0.0985           
 63966.550      846543.8149      9.867     32.508     0.115767    -0.118848     -0.986141                      NaN         NaN     -0.0986           
 63967.550      840555.8730      9.808     32.831     0.114600    -0.114559     -0.986784                      NaN         NaN     -0.0987           
 63968.550      834590.4073      9.747     33.159     0.113410    -0.110199     -0.987418                      NaN         NaN     -0.0987           
 63969.550      828647.9112      9.685     33.491     0.112197    -0.105766     -0.988041                      NaN         NaN     -0.0988           
 63970.550      822728.8891      9.622     33.827     0.110960    -0.101260     -0.988653                      NaN         NaN     -0.0989           
 63971.550      816833.8620      9.556     34.168     0.109699    -0.096678     -0.989252                      NaN         NaN     -0.0989           
 63972.550      810963.3599      9.490     34.512     0.108413    -0.092020     -0.989838                      NaN         NaN     -0.0990           
 63973.550      805117.9270      9.421     34.862     0.107102    -0.087285     -0.990409                      NaN         NaN     -0.0990           
 63974.550      799298.1214      9.351     35.216     0.105765    -0.082470     -0.990965                      NaN         NaN     -0.0991           
 63975.550      793504.5147      9.280     35.575     0.104401    -0.077575     -0.991505                      NaN         NaN     -0.0992           
 63976.550      787737.6915      9.206     35.938     0.103011    -0.072597     -0.992027                      NaN         NaN     -0.0992           
 63977.550      781998.2550      9.131     36.306     0.101593    -0.067537     -0.992531                      NaN         NaN     -0.0993           
 63978.550      776286.8190      9.053     36.680     0.100148    -0.062392     -0.993014                      NaN         NaN     -0.0993           
 63979.551      770604.0138      8.974     37.058     0.098674    -0.057162     -0.993477                      NaN         NaN     -0.0993           
 63980.551      764950.4853      8.893     37.441     0.097170    -0.051844     -0.993917                      NaN         NaN     -0.0994           
 63981.551      759326.8950      8.809     37.829     0.095638    -0.046437     -0.994332                      NaN         NaN     -0.0994           
 63982.551      753733.9195      8.723     38.223     0.094075    -0.040940     -0.994723                      NaN         NaN     -0.0995           
 63983.551      748172.2556      8.635     38.622     0.092481    -0.035352     -0.995087                      NaN         NaN     -0.0995           
 63984.551      742642.6130      8.544     39.026     0.090856    -0.029671     -0.995422                      NaN         NaN     -0.0995           
 63985.551      737145.7199      8.451     39.436     0.089199    -0.023895     -0.995727                      NaN         NaN     -0.0996           
 63986.551      731682.3219      8.356     39.851     0.087509    -0.018024     -0.996001                      NaN         NaN     -0.0996           
 63987.551      726253.1824      8.257     40.272     0.085787    -0.012056     -0.996241                      NaN         NaN     -0.0996           
 63988.551      720859.0817      8.156     40.699     0.084030    -0.005990     -0.996445                      NaN         NaN     -0.0996           
 63989.551      715500.8221      8.052     41.132     0.082240     0.000177     -0.996613                      NaN         NaN     -0.0997           
 63990.551      710179.2233      7.944     41.570     0.080414     0.006444     -0.996741                      NaN         NaN     -0.0997           
 63991.551      704895.1182      7.834     42.015     0.078553     0.012814     -0.996828                      NaN         NaN     -0.0997           
 63992.551      699649.3660      7.720     42.466     0.076656     0.019287     -0.996871                      NaN         NaN     -0.0997           
 63993.551      694442.8429      7.602     42.922     0.074722     0.025865     -0.996869                      NaN         NaN     -0.0997           
 63994.551      689276.4453      7.481     43.385     0.072751     0.032550     -0.996819                      NaN         NaN     -0.0997           
 63995.551      684151.0882      7.356     43.855     0.070741     0.039341     -0.996719                      NaN         NaN     -0.0997           
 63996.551      679067.7101      7.227     44.331     0.068694     0.046242     -0.996566                      NaN         NaN     -0.0997           
 63997.551      674027.2667      7.094     44.813     0.066607     0.053251     -0.996357                      NaN         NaN     -0.0996           
 63998.551      669030.7353      6.957     45.302     0.064480     0.060372     -0.996091                      NaN         NaN     -0.0996           
 63999.551      664079.1142      6.814     45.797     0.062313     0.067604     -0.995764                      NaN         NaN     -0.0996           
 64000.551      659173.4223      6.667     46.300     0.060106     0.074949     -0.995374                      NaN         NaN     -0.0995           
 64001.551      654314.6986      6.515     46.809     0.057856     0.082407     -0.994918                      NaN         NaN     -0.0995           
 64002.551      649504.0057      6.358     47.325     0.055565     0.089980     -0.994392                      NaN         NaN     -0.0994           
 64003.551      644742.4245      6.195     47.847     0.053232     0.097667     -0.993795                      NaN         NaN     -0.0994           
 64004.551      640031.0578      6.025     48.377     0.050856     0.105470     -0.993121                      NaN         NaN     -0.0993           
 64005.551      635371.0293      5.850     48.914     0.048436     0.113389     -0.992369                      NaN         NaN     -0.0992           
 64006.551      630763.4833      5.668     49.458     0.045972     0.121425     -0.991535                      NaN         NaN     -0.0992           
 64007.551      626209.5841      5.479     50.010     0.043464     0.129578     -0.990616                      NaN         NaN     -0.0991           
 64008.551      621710.5183      5.283     50.568     0.040911     0.137848     -0.989608                      NaN         NaN     -0.0990           
 64009.551      617267.4906      5.079     51.134     0.038313     0.146235     -0.988508                      NaN         NaN     -0.0989           
 64010.551      612881.7260      4.867     51.707     0.035669     0.154739     -0.987311                      NaN         NaN     -0.0987           
 64011.551      608554.4686      4.645     52.287     0.032980     0.163360     -0.986015                      NaN         NaN     -0.0986           
 64012.551      604286.9816      4.415     52.875     0.030245     0.172098     -0.984615                      NaN         NaN     -0.0985           
 64013.551      600080.5458      4.175     53.470     0.027463     0.180952     -0.983108                      NaN         NaN     -0.0983           
 64014.551      595936.4609      3.924     54.072     0.024635     0.189922     -0.981490                      NaN         NaN     -0.0981           
 64015.551      591856.0419      3.662     54.682     0.021761     0.199006     -0.979757                      NaN         NaN     -0.0980           
 64016.551      587840.6206      3.388     55.299     0.018839     0.208204     -0.977904                      NaN         NaN     -0.0978           
 64017.551      583891.5436      3.102     55.924     0.015871     0.217514     -0.975928                      NaN         NaN     -0.0976           
 64018.551      580010.1719      2.802     56.555     0.012857     0.226935     -0.973825                      NaN         NaN     -0.0974           
 64019.551      576197.8791      2.487     57.194     0.009795     0.236466     -0.971590                      NaN         NaN     -0.0972           
 64020.551      572456.0524      2.157     57.840     0.006688     0.246104     -0.969220                      NaN         NaN     -0.0969           
 64021.551      568786.0849      1.810     58.493     0.003534     0.255848     -0.966711                      NaN         NaN     -0.0967           
 64022.551      565189.3833      1.444     59.154     0.000334     0.265695     -0.964057                      NaN         NaN     -0.0964           
 64023.551      561667.3604      1.060     59.820    -0.002912     0.275642     -0.961256                      NaN         NaN     -0.0961           
 64024.551      558221.4348      0.654     60.494    -0.006202     0.285687     -0.958303                      NaN         NaN     -0.0958           
 64025.551      554853.0295      0.226     61.174    -0.009537     0.295827     -0.955194                      NaN         NaN     -0.0955           
 64026.551      551563.5695     -0.227     61.861    -0.012916     0.306059     -0.951925                      NaN         NaN     -0.0952           
 64027.551      548354.4806     -0.706     62.553    -0.016339     0.316378     -0.948492                      NaN         NaN     -0.0948           
 64028.551      545227.1867     -1.215     63.252    -0.019804     0.326782     -0.944892                      NaN         NaN     -0.0945           
 64029.551      542183.1077     -1.755     63.956    -0.023310     0.337265     -0.941121                      NaN         NaN     -0.0941           
 64030.551      539223.6576     -2.330     64.665    -0.026857     0.347824     -0.937175                      NaN         NaN     -0.0937           
 64031.551      536350.2417     -2.942     65.380    -0.030443     0.358453     -0.933051                      NaN         NaN     -0.0933           
 64032.551      533564.2546     -3.596     66.099    -0.034068     0.369149     -0.928746                      NaN         NaN     -0.0929           
 64033.551      530867.0766     -4.296     66.822    -0.037729     0.379905     -0.924256                      NaN         NaN     -0.0924           
 64034.551      528260.0723     -5.046     67.548    -0.041427     0.390716     -0.919578                      NaN         NaN     -0.0920           
 64035.551      525744.5872     -5.851     68.277    -0.045158     0.401577     -0.914711                      NaN         NaN     -0.0915           
 64036.551      523321.9449     -6.718     69.009    -0.048923     0.412481     -0.909651                      NaN         NaN     -0.0910           
 64037.551      520993.4445     -7.654     69.743    -0.052718     0.423423     -0.904397                      NaN         NaN     -0.0904           
 64038.551      518760.3572     -8.666     70.477    -0.056542     0.434395     -0.898946                      NaN         NaN     -0.0899           
 64039.551      516623.9245     -9.763     71.210    -0.060393     0.445390     -0.893297                      NaN         NaN     -0.0893           
 64040.551      514585.3526    -10.956     71.943    -0.064270     0.456403     -0.887449                      NaN         NaN     -0.0887           
 64041.551      512645.8128    -12.257     72.673    -0.068169     0.467426     -0.881400                      NaN         NaN     -0.0881           
 64042.551      510806.4363    -13.679     73.398    -0.072090     0.478451     -0.875150                      NaN         NaN     -0.0875           
 64043.551      509068.3120    -15.238     74.118    -0.076030     0.489471     -0.868699                      NaN         NaN     -0.0869           
 64090.733      548085.1218   -147.472     62.381    -0.238428     0.879521     -0.411818                  -0.0440         NaN         NaN           
 64091.733      551287.7805   -147.947     61.687    -0.240705     0.883654     -0.401517                  -0.0442         NaN         NaN           
 64092.733      554570.9702   -148.395     61.000    -0.242926     0.887623     -0.391296                  -0.0444         NaN         NaN           
 64093.733      557933.2658   -148.819     60.318    -0.245091     0.891430     -0.381160                  -0.0446         NaN         NaN           
 64094.733      561373.2423   -149.221     59.644    -0.247202     0.895080     -0.371111                  -0.0448         NaN         NaN           
 64095.733      564889.4770   -149.602     58.976    -0.249258     0.898576     -0.361154                  -0.0449         NaN         NaN           
 64096.733      568480.5538   -149.964     58.314    -0.251260     0.901921     -0.351292                  -0.0451         NaN         NaN           
 64097.733      572145.0542   -150.308     57.660    -0.253211     0.905120     -0.341528                  -0.0453         NaN         NaN           
 64098.733      575881.5754   -150.635     57.013    -0.255109     0.908177     -0.331865                  -0.0454         NaN         NaN           
 64099.733      579688.7207   -150.948     56.373    -0.256957     0.911095     -0.322304                  -0.0456         NaN         NaN           
 64100.733      583565.1037   -151.245     55.740    -0.258755     0.913877     -0.312849                  -0.0457         NaN         NaN           
 64101.733      587509.3497   -151.530     55.115    -0.260504     0.916529     -0.303500                  -0.0458         NaN         NaN           
 64102.733      591520.0998   -151.801     54.497    -0.262205     0.919053     -0.294262                  -0.0460         NaN         NaN           
 64103.733      595596.0004   -152.061     53.886    -0.263859     0.921454     -0.285133                  -0.0461         NaN         NaN           
 64104.733      599735.7215   -152.310     53.283    -0.265467     0.923735     -0.276117                  -0.0462         NaN         NaN           
 64105.733      603937.9463   -152.549     52.687    -0.267031     0.925900     -0.267214                  -0.0463         NaN         NaN           
 64106.733      608201.3745   -152.778     52.098    -0.268550     0.927953     -0.258426                  -0.0464         NaN         NaN           
 64107.733      612524.7234   -152.997     51.517    -0.270027     0.929897     -0.249752                  -0.0465         NaN         NaN           
 64108.733      616906.7315   -153.208     50.943    -0.271462     0.931737     -0.241195                  -0.0466         NaN         NaN           
 64109.733      621346.1468   -153.411     50.376    -0.272857     0.933475     -0.232753                  -0.0467         NaN         NaN           
 64110.733      625841.7446   -153.606     49.817    -0.274211     0.935115     -0.224428                  -0.0468         NaN         NaN           
 64111.733      630392.3201   -153.794     49.265    -0.275527     0.936661     -0.216220                  -0.0468         NaN         NaN           
 64112.733      634996.6852   -153.975     48.720    -0.276805     0.938116     -0.208129                  -0.0469         NaN         NaN           
 64113.733      639653.6732   -154.149     48.182    -0.278046     0.939483     -0.200155                  -0.0470         NaN         NaN           
 64114.733      644362.1409   -154.317     47.651    -0.279252     0.940766     -0.192297                  -0.0470         NaN         NaN           
 64115.733      649120.9567   -154.480     47.128    -0.280423     0.941967     -0.184556                  -0.0471         NaN         NaN           
 64116.733      653929.0191   -154.636     46.611    -0.281560     0.943090     -0.176930                  -0.0472         NaN         NaN           
 64117.733      658785.2445   -154.788     46.101    -0.282664     0.944139     -0.169420                  -0.0472         NaN         NaN           
 64118.733      663688.5699   -154.934     45.598    -0.283737     0.945115     -0.162025                  -0.0473         NaN         NaN           
 64119.733      668637.9538   -155.076     45.102    -0.284778     0.946021     -0.154744                  -0.0473         NaN         NaN           
 64120.733      673632.3753   -155.212     44.612    -0.285789     0.946861     -0.147576                  -0.0473         NaN         NaN           
 64121.733      678670.8375   -155.345     44.129    -0.286771     0.947637     -0.140521                  -0.0474         NaN         NaN           
 64122.733      683752.3550   -155.474     43.653    -0.287725     0.948352     -0.133578                  -0.0474         NaN         NaN           
 64123.733      688875.9721   -155.598     43.183    -0.288651     0.949008     -0.126745                  -0.0475         NaN         NaN           
 64124.733      694040.7507   -155.719     42.719    -0.289551     0.949608     -0.120022                  -0.0475         NaN         NaN           
 64125.733      699245.7727   -155.836     42.261    -0.290425     0.950154     -0.113408                  -0.0475         NaN         NaN           
 64126.733      704490.1403   -155.949     41.810    -0.291273     0.950648     -0.106902                  -0.0475         NaN         NaN           
 64127.733      709772.9784   -156.059     41.365    -0.292098     0.951093     -0.100502                  -0.0476         NaN         NaN           
 64128.733      715093.4220   -156.166     40.926    -0.292898     0.951491     -0.094207                  -0.0476         NaN         NaN           
 64129.733      720450.6351   -156.270     40.492    -0.293676     0.951844     -0.088016                  -0.0476         NaN         NaN           
 64130.733      725843.7972   -156.371     40.065    -0.294433     0.952154     -0.081929                  -0.0476         NaN         NaN           
 64131.733      731272.1069   -156.469     39.643    -0.295167     0.952423     -0.075943                  -0.0476         NaN         NaN           
 64132.733      736734.7809   -156.565     39.227    -0.295881     0.952652     -0.070057                  -0.0476         NaN         NaN           
 64133.733      742231.0573   -156.658     38.817    -0.296575     0.952844     -0.064270                  -0.0476         NaN         NaN           
 64134.733      747760.1826   -156.748     38.412    -0.297250     0.953001     -0.058582                  -0.0477         NaN         NaN           
 64135.733      753321.4302   -156.836     38.012    -0.297905     0.953124     -0.052989                  -0.0477         NaN         NaN           
 64136.733      758914.0873   -156.922     37.618    -0.298543     0.953214     -0.047492                  -0.0477         NaN         NaN           
 64137.733      764537.4583   -157.005     37.229    -0.299163     0.953273     -0.042089                  -0.0477         NaN         NaN           
 64138.733      770190.8639   -157.087     36.845    -0.299766     0.953304     -0.036778                  -0.0477         NaN         NaN           
 64139.733      775873.6443   -157.166     36.467    -0.300353     0.953306     -0.031559                  -0.0477         NaN         NaN           
 64140.733      781585.1440   -157.243     36.093    -0.300924     0.953282     -0.026429                  -0.0477         NaN         NaN           
 64141.733      787324.7376   -157.318     35.724    -0.301479     0.953233     -0.021388                  -0.0477         NaN         NaN           
 64142.733      793091.8071   -157.392     35.360    -0.302019     0.953160     -0.016434                  -0.0477         NaN         NaN           
 64143.733      798885.7506   -157.464     35.001    -0.302546     0.953065     -0.011565                  -0.0477         NaN         NaN           
 64144.733      804705.9808   -157.534     34.646    -0.303058     0.952948     -0.006782                  -0.0476         NaN         NaN           
 64145.733      810551.9248   -157.602     34.296    -0.303557     0.952811     -0.002081                  -0.0476         NaN         NaN           
 64146.733      816423.0266   -157.669     33.951    -0.304043     0.952655      0.002537                  -0.0476         NaN         NaN           
 64147.733      822318.7339   -157.734     33.610    -0.304516     0.952481      0.007075                  -0.0476         NaN         NaN           
 64148.733      828238.5177   -157.797     33.273    -0.304977     0.952290      0.011534                  -0.0476         NaN         NaN           
 64149.733      834181.8583   -157.860     32.941    -0.305427     0.952083      0.015914                  -0.0476         NaN         NaN           
 64150.733      840148.2489   -157.920     32.613    -0.305865     0.951860      0.020218                  -0.0476         NaN         NaN           
 64151.733      846137.1949   -157.980     32.289    -0.306292     0.951624      0.024446                  -0.0476         NaN         NaN           
 64152.733      852148.2170   -158.038     31.969    -0.306708     0.951374      0.028600                  -0.0476         NaN         NaN           
 64153.733      858180.8377   -158.095     31.653    -0.307115     0.951111      0.032681                  -0.0476         NaN         NaN           
 64154.733      864234.6007   -158.150     31.341    -0.307511     0.950837      0.036690                  -0.0475         NaN         NaN           
 64155.733      870309.0579   -158.205     31.033    -0.307898     0.950551      0.040628                  -0.0475         NaN         NaN           
 64156.733      876403.7717   -158.258     30.729    -0.308276     0.950256      0.044496                  -0.0475         NaN         NaN           
 64157.733      882518.3152   -158.310     30.428    -0.308645     0.949950      0.048297                  -0.0475         NaN         NaN           
 64158.733      888652.2753   -158.361     30.131    -0.309005     0.949636      0.052029                  -0.0475         NaN         NaN           
 64159.733      894805.2388   -158.411     29.838    -0.309357     0.949314      0.055696                  -0.0475         NaN         NaN           
 64160.733      900976.8124   -158.460     29.548    -0.309701     0.948983      0.059298                  -0.0474         NaN         NaN           
 64161.733      907166.6088   -158.508     29.262    -0.310037     0.948646      0.062836                  -0.0474         NaN         NaN           
 64162.733      913374.2504   -158.555     28.979    -0.310365     0.948302      0.066311                  -0.0474         NaN         NaN           
 64163.733      919599.3684   -158.601     28.700    -0.310687     0.947952      0.069724                  -0.0474         NaN         NaN           
 64164.733      925841.6029   -158.646     28.424    -0.311001     0.947596      0.073077                  -0.0474         NaN         NaN           
 64165.733      932100.6060   -158.690     28.151    -0.311309     0.947235      0.076370                  -0.0474         NaN         NaN           
 64166.733      938376.0280   -158.733     27.881    -0.311610     0.946870      0.079604                  -0.0473         NaN         NaN           
 64167.733      944667.5375   -158.776     27.615    -0.311905     0.946500      0.082781                  -0.0473         NaN         NaN           
 64168.733      950974.8079   -158.817     27.351    -0.312193     0.946127      0.085900                  -0.0473         NaN         NaN           
 64169.733      957297.5201   -158.858     27.091    -0.312476     0.945751      0.088964                  -0.0473         NaN         NaN           
 64170.733      963635.3609   -158.898     26.834    -0.312753     0.945371      0.091973                  -0.0473         NaN         NaN           
 64171.733      969988.0329   -158.938     26.579    -0.313025     0.944989      0.094929                  -0.0472         NaN         NaN           
 64172.733      976355.2308   -158.976     26.327    -0.313291     0.944605      0.097831                  -0.0472         NaN         NaN           
 64173.733      982736.6679   -159.014     26.079    -0.313552     0.944218      0.100681                  -0.0472         NaN         NaN           
 64174.733      989132.0610   -159.051     25.833    -0.313808     0.943831      0.103480                  -0.0472         NaN         NaN           
 64175.733      995541.1337   -159.088     25.589    -0.314060     0.943442      0.106229                  -0.0472         NaN         NaN           
 64176.733     1001963.6156   -159.123     25.349    -0.314307     0.943051      0.108928                  -0.0472         NaN         NaN           
 64177.733     1008399.2463   -159.158     25.111    -0.314549     0.942661      0.111578                  -0.0471         NaN         NaN           
 64178.733     1014847.7613   -159.193     24.876    -0.314787     0.942270      0.114181                  -0.0471         NaN         NaN           
 64179.733     1021308.9121   -159.227     24.643    -0.315021     0.941878      0.116737                  -0.0471         NaN         NaN           
 64180.733     1027782.4528   -159.260     24.413    -0.315251     0.941487      0.119246                  -0.0471         NaN         NaN           
 64181.733     1034268.1429   -159.293     24.185    -0.315477     0.941096      0.121710                  -0.0471         NaN         NaN           
 64182.733     1040765.7475   -159.325     23.960    -0.315699     0.940705      0.124129                  -0.0470         NaN         NaN           
 64183.733     1047275.0405   -159.357     23.737    -0.315917     0.940315      0.126504                  -0.0470         NaN         NaN           
 64184.733     1053795.7909   -159.388     23.516    -0.316133     0.939926      0.128836                  -0.0470         NaN         NaN           
 64185.733     1060327.7826   -159.418     23.298    -0.316344     0.939538      0.131125                  -0.0470         NaN         NaN           
 64186.733     1066870.8015   -159.448     23.082    -0.316553     0.939152      0.133373                  -0.0470         NaN         NaN           
 64187.733     1073424.6379   -159.478     22.868    -0.316758     0.938767      0.135579                  -0.0469         NaN         NaN           
 64188.733     1079989.0873   -159.507     22.656    -0.316960     0.938383      0.137745                  -0.0469         NaN         NaN           
 64189.733     1086563.9492   -159.535     22.447    -0.317160     0.938001      0.139871                  -0.0469         NaN         NaN           
 64190.733     1093149.0314   -159.563     22.240    -0.317356     0.937621      0.141958                  -0.0469         NaN         NaN           
 64191.733     1099744.1355   -159.591     22.034    -0.317550     0.937243      0.144006                  -0.0469         NaN         NaN           
 64192.733     1106349.0779   -159.618     21.831    -0.317741     0.936867      0.146017                  -0.0468         NaN         NaN           
 64193.733     1112963.6754   -159.644     21.630    -0.317930     0.936493      0.147990                  -0.0468         NaN         NaN           
 64194.733     1119587.7488   -159.671     21.431    -0.318116     0.936122      0.149926                  -0.0468         NaN         NaN           
 64195.733     1126221.1232   -159.696     21.234    -0.318300     0.935753      0.151827                  -0.0468         NaN         NaN           
 64196.733     1132863.6304   -159.722     21.039    -0.318481     0.935387      0.153692                  -0.0468         NaN         NaN           
 64197.733     1139515.0960   -159.747     20.845    -0.318660     0.935023      0.155522                  -0.0468         NaN         NaN           
 64198.733     1146175.3595   -159.771     20.654    -0.318837     0.934662      0.157317                  -0.0467         NaN         NaN           
 64199.733     1152844.2603   -159.795     20.464    -0.319012     0.934305      0.159079                  -0.0467         NaN         NaN           
 64200.733     1159521.6396   -159.819     20.276    -0.319185     0.933949      0.160808                  -0.0467         NaN         NaN           
 64201.733     1166207.3472   -159.843     20.090    -0.319356     0.933597      0.162503                  -0.0467         NaN         NaN           
 64202.733     1172901.2343   -159.866     19.906    -0.319526     0.933248      0.164167                  -0.0467         NaN         NaN           

966516.000     1169426.0956   -179.989     19.978     0.326215    -0.937162     -0.123736                      NaN     -0.0469         NaN           
966517.000     1162900.2224   -179.898     20.158     0.324992    -0.937427     -0.124943                      NaN     -0.0469         NaN           
966518.000     1156384.2743   -179.805     20.341     0.323754    -0.937690     -0.126181                      NaN     -0.0469         NaN           
966519.000     1149878.4278   -179.711     20.524     0.322501    -0.937949     -0.127451                      NaN     -0.0469         NaN           
966520.000     1143382.8630   -179.615     20.710     0.321234    -0.938207     -0.128752                      NaN     -0.0469         NaN           
966521.000     1136897.7641   -179.519     20.897     0.319950    -0.938461     -0.130087                      NaN     -0.0469         NaN           
966522.000     1130423.3187   -179.421     21.086     0.318652    -0.938712     -0.131454                      NaN     -0.0469         NaN           
966523.000     1123959.7186   -179.322     21.277     0.317337    -0.938961     -0.132855                      NaN     -0.0469         NaN           
966524.000     1117507.1597   -179.221     21.469     0.316006    -0.939205     -0.134290                      NaN     -0.0470         NaN           
966525.000     1111065.8420   -179.119     21.663     0.314658    -0.939446     -0.135759                      NaN     -0.0470         NaN           
966526.000     1104635.9699   -179.015     21.859     0.313294    -0.939684     -0.137263                      NaN     -0.0470         NaN           
966527.000     1098217.7522   -178.911     22.057     0.311913    -0.939917     -0.138803                      NaN     -0.0470         NaN           
966528.000     1091811.4016   -178.804     22.257     0.310514    -0.940146     -0.140378                      NaN     -0.0470         NaN           
966529.000     1085417.1361   -178.696     22.459     0.309098    -0.940371     -0.141991                      NaN     -0.0470         NaN           
966530.000     1079035.1781   -178.587     22.662     0.307664    -0.940590     -0.143640                      NaN     -0.0470         NaN           
966531.000     1072665.7547   -178.476     22.868     0.306212    -0.940805     -0.145327                      NaN     -0.0470         NaN           
966532.000     1066309.0981   -178.363     23.075     0.304741    -0.941015     -0.147052                      NaN     -0.0471         NaN           
966533.000     1059965.4459   -178.249     23.285     0.303251    -0.941219     -0.148816                      NaN     -0.0471         NaN           
966534.000     1053635.0398   -178.133     23.496     0.301741    -0.941417     -0.150619                      NaN     -0.0471         NaN           
966535.000     1047318.1278   -178.015     23.710     0.300212    -0.941609     -0.152463                      NaN     -0.0471         NaN           
966536.000     1041014.9630   -177.895     23.926     0.298664    -0.941795     -0.154346                      NaN     -0.0471         NaN           
966537.000     1034725.8040   -177.774     24.144     0.297094    -0.941974     -0.156271                      NaN     -0.0471         NaN           
966538.000     1028450.9152   -177.651     24.364     0.295505    -0.942145     -0.158237                      NaN     -0.0471         NaN           
966539.000     1022190.5668   -177.526     24.586     0.293894    -0.942310     -0.160246                      NaN     -0.0471         NaN           
966540.000     1015945.2224   -177.399     24.810     0.292262    -0.942466     -0.162298                      NaN     -0.0471         NaN           
966541.000     1009714.7889   -177.270     25.037     0.290608    -0.942615     -0.164393                      NaN     -0.0471         NaN           
966542.000     1003499.7428   -177.139     25.266     0.288931    -0.942754     -0.166532                      NaN     -0.0471         NaN           
966543.000      997300.3791   -177.006     25.497     0.287232    -0.942885     -0.168716                      NaN     -0.0471         NaN           
966544.000      991116.9997   -176.870     25.731     0.285510    -0.943007     -0.170946                      NaN     -0.0472         NaN           
966545.000      984949.9121   -176.733     25.967     0.283765    -0.943118     -0.173222                      NaN     -0.0472         NaN           
966546.000      978799.4318   -176.593     26.206     0.281996    -0.943219     -0.175545                      NaN     -0.0472         NaN           
966547.000      972665.8811   -176.451     26.447     0.280202    -0.943310     -0.177915                      NaN     -0.0472         NaN           
966548.000      966549.5895   -176.307     26.690     0.278384    -0.943389     -0.180333                      NaN     -0.0472         NaN           
966549.000      960450.8939   -176.160     26.936     0.276540    -0.943456     -0.182801                      NaN     -0.0472         NaN           
966550.000      954370.1393   -176.011     27.184     0.274671    -0.943511     -0.185317                      NaN     -0.0472         NaN           
966551.000      948307.6766   -175.859     27.436     0.272776    -0.943553     -0.187885                      NaN     -0.0472         NaN           
966552.000      942263.8668   -175.705     27.689     0.270854    -0.943582     -0.190503                      NaN     -0.0472         NaN           
966553.000      936239.0780   -175.548     27.946     0.268905    -0.943597     -0.193173                      NaN     -0.0472         NaN           
966554.000      930233.6868   -175.388     28.205     0.266929    -0.943596     -0.195895                      NaN     -0.0472         NaN           
966555.000      924248.0784   -175.225     28.467     0.264924    -0.943581     -0.198671                      NaN     -0.0472         NaN           
966556.000      918282.6465   -175.060     28.731     0.262891    -0.943550     -0.201500                      NaN     -0.0472         NaN           
966557.000      912337.7946   -174.892     28.999     0.260828    -0.943502     -0.204384                      NaN     -0.0472         NaN           
966558.000      906413.9330   -174.720     29.269     0.258736    -0.943436     -0.207324                      NaN     -0.0472         NaN           
966559.000      900511.4836   -174.546     29.542     0.256614    -0.943353     -0.210320                      NaN     -0.0472         NaN           
966560.000      894630.8770   -174.368     29.819     0.254461    -0.943251     -0.213372                      NaN     -0.0472         NaN           
966561.000      888772.5536   -174.187     30.098     0.252277    -0.943129     -0.216483                      NaN     -0.0472         NaN           
966562.000      882936.9637   -174.002     30.380     0.250061    -0.942986     -0.219652                      NaN     -0.0471         NaN           
966563.000      877124.5687   -173.814     30.665     0.247813    -0.942822     -0.222880                      NaN     -0.0471         NaN           
966564.000      871335.8377   -173.623     30.953     0.245531    -0.942636     -0.226168                      NaN     -0.0471         NaN           
966565.000      865571.2529   -173.428     31.245     0.243216    -0.942427     -0.229517                      NaN     -0.0471         NaN           
966566.000      859831.3068   -173.229     31.539     0.240867    -0.942193     -0.232927                      NaN     -0.0471         NaN           
966567.000      854116.5026   -173.026     31.837     0.238483    -0.941935     -0.236400                      NaN     -0.0471         NaN           
966568.000      848427.3549   -172.819     32.138     0.236064    -0.941650     -0.239935                      NaN     -0.0471         NaN           
966569.000      842764.3910   -172.608     32.442     0.233608    -0.941338     -0.243535                      NaN     -0.0471         NaN           
966570.000      837128.3149   -172.393     32.749     0.231116    -0.940998     -0.247199                      NaN     -0.0470         NaN           
966571.000      831519.3398   -172.174     33.060     0.228587    -0.940629     -0.250928                      NaN     -0.0470         NaN           
966572.000      825938.1970   -171.949     33.374     0.226020    -0.940229     -0.254724                      NaN     -0.0470         NaN           
966573.000      820385.4608   -171.721     33.692     0.223414    -0.939798     -0.258586                      NaN     -0.0470         NaN           
966574.000      814861.7196   -171.487     34.013     0.220769    -0.939333     -0.262516                      NaN     -0.0470         NaN           
966575.000      809367.5708   -171.249     34.337     0.218084    -0.938834     -0.266514                      NaN     -0.0469         NaN           
966576.000      803903.6285   -171.006     34.665     0.215358    -0.938300     -0.270582                      NaN     -0.0469         NaN           
966577.000      798470.5192   -170.757     34.997     0.212592    -0.937728     -0.274719                      NaN     -0.0469         NaN           
966578.000      793068.8826   -170.503     35.332     0.209783    -0.937119     -0.278926                      NaN     -0.0469         NaN           
966579.000      787699.3723   -170.243     35.670     0.206932    -0.936469     -0.283204                      NaN     -0.0468         NaN           
966580.000      782362.6573   -169.978     36.012     0.204038    -0.935778     -0.287554                      NaN     -0.0468         NaN           
966581.000      777059.4165   -169.707     36.358     0.201100    -0.935045     -0.291976                      NaN     -0.0468         NaN           
966582.000      771790.3471   -169.429     36.708     0.198117    -0.934267     -0.296471                      NaN     -0.0467         NaN           
966583.000      766556.1600   -169.146     37.061     0.195089    -0.933443     -0.301040                      NaN     -0.0467         NaN           
966584.000      761357.5802   -168.856     37.417     0.192015    -0.932571     -0.305683                      NaN     -0.0466         NaN           
966585.000      756195.3480   -168.559     37.778     0.188894    -0.931650     -0.310400                      NaN     -0.0466         NaN           
966586.000      751070.2204   -168.255     38.142     0.185726    -0.930677     -0.315192                      NaN     -0.0465         NaN           
966587.000      745982.9644   -167.944     38.510     0.182510    -0.929651     -0.320060                      NaN     -0.0465         NaN           
966588.000      740934.3674   -167.625     38.882     0.179245    -0.928571     -0.325004                      NaN     -0.0464         NaN           
966589.000      735925.2307   -167.299     39.257     0.175931    -0.927433     -0.330024                      NaN     -0.0464         NaN           
966590.000      730956.3711   -166.965     39.636     0.172568    -0.926237     -0.335120                      NaN     -0.0463         NaN           
966591.000      726028.6209   -166.623     40.019     0.169153    -0.924980     -0.340294                      NaN     -0.0462         NaN           
966592.000      721142.8285   -166.272     40.405     0.165688    -0.923659     -0.345544                      NaN     -0.0462         NaN           
966593.000      716299.8596   -165.912     40.795     0.162170    -0.922274     -0.350872                      NaN     -0.0461         NaN           
966594.000      711500.5902   -165.544     41.189     0.158601    -0.920821     -0.356277                      NaN     -0.0460         NaN           
966595.000      706745.9176   -165.165     41.587     0.154978    -0.919299     -0.361760                      NaN     -0.0460         NaN           
966596.000      702036.7533   -164.777     41.988     0.151302    -0.917705     -0.367321                      NaN     -0.0459         NaN           
966597.000      697374.0242   -164.379     42.392     0.147571    -0.916037     -0.372959                      NaN     -0.0458         NaN           
966598.000      692758.6730   -163.971     42.800     0.143787    -0.914293     -0.378674                      NaN     -0.0457         NaN           
966599.000      688191.6601   -163.551     43.212     0.139947    -0.912470     -0.384466                      NaN     -0.0456         NaN           
966600.000      683674.0890   -163.120     43.627     0.136051    -0.910565     -0.390335                      NaN     -0.0455         NaN           
966601.000      679206.6807   -162.678     44.046     0.132100    -0.908577     -0.396280                      NaN     -0.0454         NaN           
966602.000      674790.5746   -162.223     44.467     0.128092    -0.906502     -0.402302                      NaN     -0.0453         NaN           
966603.000      670426.7894   -161.756     44.892     0.124027    -0.904338     -0.408399                      NaN     -0.0452         NaN           
966604.000      666116.3602   -161.276     45.320     0.119906    -0.902083     -0.414571                      NaN     -0.0451         NaN           
966605.000      661860.3293   -160.782     45.751     0.115727    -0.899734     -0.420816                      NaN     -0.0450         NaN           
966606.000      657659.7598   -160.274     46.185     0.111491    -0.897288     -0.427135                      NaN     -0.0449         NaN           
966607.000      653515.7256   -159.751     46.622     0.107196    -0.894742     -0.433526                      NaN     -0.0447         NaN           
966608.000      649429.3131   -159.214     47.061     0.102844    -0.892095     -0.439988                      NaN     -0.0446         NaN           
966609.000      645401.6212   -158.660     47.503     0.098434    -0.889343     -0.446520                      NaN     -0.0445         NaN           
966610.000      641433.7629   -158.091     47.947     0.093966    -0.886483     -0.453121                      NaN     -0.0443         NaN           
966611.000      637526.8541   -157.504     48.393     0.089441    -0.883513     -0.459789                      NaN     -0.0442         NaN           
966612.000      633682.0289   -156.900     48.841     0.084857    -0.880430     -0.466522                      NaN     -0.0440         NaN           
966613.000      629900.4281   -156.277     49.291     0.080216    -0.877231     -0.473319                      NaN     -0.0439         NaN           
966614.000      626183.2009   -155.635     49.742     0.075517    -0.873914     -0.480178                      NaN     -0.0437         NaN           
966615.000      622531.5042   -154.974     50.195     0.070761    -0.870476     -0.487097                      NaN     -0.0435         NaN           
966616.000      618946.5045   -154.292     50.648     0.065949    -0.866915     -0.494075                      NaN     -0.0433         NaN           
966681.560      574218.2917    -63.252     57.435    -0.281375    -0.352906     -0.892348                      NaN         NaN     -0.0892           
966682.560      576670.7503    -62.155     57.018    -0.285265    -0.343002     -0.894971                      NaN         NaN     -0.0895           
966683.560      579207.1099    -61.092     56.595    -0.289071    -0.333148     -0.897469                      NaN         NaN     -0.0897           
966684.560      581826.2741    -60.061     56.167    -0.292794    -0.323347     -0.899844                      NaN         NaN     -0.0900           
966685.560      584527.1155    -59.063     55.734    -0.296433    -0.313604     -0.902097                      NaN         NaN     -0.0902           
966686.560      587308.5078    -58.095     55.297    -0.299990    -0.303922     -0.904233                      NaN         NaN     -0.0904           
966687.560      590169.3076    -57.158     54.856    -0.303464    -0.294306     -0.906252                      NaN         NaN     -0.0906           
966688.560      593108.3615    -56.249     54.412    -0.306856    -0.284758     -0.908159                      NaN         NaN     -0.0908           
966689.560      596124.5073    -55.369     53.966    -0.310166    -0.275282     -0.909954                      NaN         NaN     -0.0910           
966690.560      599216.5798    -54.517     53.517    -0.313394    -0.265881     -0.911642                      NaN         NaN     -0.0912           
966691.560      602383.3976    -53.691     53.067    -0.316542    -0.256558     -0.913224                      NaN         NaN     -0.0913           
966692.560      605623.7869    -52.890     52.616    -0.319610    -0.247316     -0.914704                      NaN         NaN     -0.0915           
966693.560      608936.5683    -52.114     52.164    -0.322599    -0.238157     -0.916085                      NaN         NaN     -0.0916           
966694.560      612320.5615    -51.362     51.712    -0.325510    -0.229084     -0.917368                      NaN         NaN     -0.0917           
966695.560      615774.5875    -50.633     51.260    -0.328343    -0.220099     -0.918557                      NaN         NaN     -0.0919           
966696.560      619297.4743    -49.926     50.808    -0.331100    -0.211203     -0.919656                      NaN         NaN     -0.0920           
966697.560      622888.0381    -49.240     50.357    -0.333781    -0.202399     -0.920665                      NaN         NaN     -0.0921           
966698.560      626545.1149    -48.575     49.906    -0.336388    -0.193688     -0.921590                      NaN         NaN     -0.0922           
966699.560      630267.5415    -47.930     49.457    -0.338921    -0.185073     -0.922432                      NaN         NaN     -0.0922           
966700.560      634054.1613    -47.304     49.009    -0.341382    -0.176553     -0.923194                      NaN         NaN     -0.0923           
966701.560      637903.8255    -46.696     48.563    -0.343772    -0.168131     -0.923879                      NaN         NaN     -0.0924           
966702.560      641815.3940    -46.106     48.118    -0.346093    -0.159807     -0.924490                      NaN         NaN     -0.0924           
966703.560      645787.7411    -45.533     47.676    -0.348344    -0.151582     -0.925029                      NaN         NaN     -0.0925           
966704.560      649819.7365    -44.976     47.236    -0.350528    -0.143457     -0.925500                      NaN         NaN     -0.0925           
966705.560      653910.2757    -44.436     46.799    -0.352646    -0.135433     -0.925904                      NaN         NaN     -0.0926           
966706.560      658058.2610    -43.910     46.364    -0.354699    -0.127511     -0.926245                      NaN         NaN     -0.0926           
966707.560      662262.6071    -43.400     45.931    -0.356688    -0.119689     -0.926525                      NaN         NaN     -0.0927           
966708.560      666522.2411    -42.903     45.502    -0.358614    -0.111970     -0.926746                      NaN         NaN     -0.0927           
966709.560      670836.1088    -42.420     45.075    -0.360480    -0.104352     -0.926912                      NaN         NaN     -0.0927           
966710.560      675203.1545    -41.951     44.652    -0.362285    -0.096837     -0.927023                      NaN         NaN     -0.0927           
966711.560      679622.3517    -41.493     44.232    -0.364032    -0.089423     -0.927084                      NaN         NaN     -0.0927           
966712.560      684092.6834    -41.049     43.815    -0.365721    -0.082111     -0.927095                      NaN         NaN     -0.0927           
966713.560      688613.1472    -40.616     43.401    -0.367355    -0.074901     -0.927060                      NaN         NaN     -0.0927           
966714.560      693182.7559    -40.194     42.991    -0.368933    -0.067792     -0.926980                      NaN         NaN     -0.0927           
966715.560      697800.5425    -39.783     42.584    -0.370458    -0.060784     -0.926858                      NaN         NaN     -0.0927           
966716.560      702465.5405    -39.383     42.181    -0.371931    -0.053877     -0.926696                      NaN         NaN     -0.0927           
966717.560      707176.8138    -38.993     41.781    -0.373352    -0.047069     -0.926495                      NaN         NaN     -0.0926           
966718.560      711933.4369    -38.613     41.385    -0.374723    -0.040361     -0.926258                      NaN         NaN     -0.0926           
966719.560      716734.5004    -38.242     40.992    -0.376046    -0.033751     -0.925986                      NaN         NaN     -0.0926           
966720.560      721579.1082    -37.881     40.603    -0.377321    -0.027239     -0.925682                      NaN         NaN     -0.0926           
966721.560      726466.3864    -37.528     40.218    -0.378550    -0.020825     -0.925347                      NaN         NaN     -0.0925           
966722.560      731395.4757    -37.184     39.837    -0.379734    -0.014507     -0.924982                      NaN         NaN     -0.0925           
966723.560      736365.5199    -36.848     39.459    -0.380873    -0.008284     -0.924590                      NaN         NaN     -0.0925           
966724.560      741375.6930    -36.520     39.084    -0.381970    -0.002157     -0.924172                      NaN         NaN     -0.0924           
966725.560      746425.1801    -36.200     38.714    -0.383025     0.003877     -0.923730                      NaN         NaN     -0.0924           
966726.560      751513.1816    -35.888     38.347    -0.384039     0.009818     -0.923265                      NaN         NaN     -0.0923           
966727.560      756638.9135    -35.582     37.984    -0.385013     0.015667     -0.922778                      NaN         NaN     -0.0923           
966728.560      761801.6117    -35.284     37.625    -0.385948     0.021425     -0.922272                      NaN         NaN     -0.0922           
966729.560      767000.5132    -34.992     37.269    -0.386846     0.027094     -0.921746                      NaN         NaN     -0.0922           
966730.560      772234.8842    -34.707     36.917    -0.387707     0.032673     -0.921203                      NaN         NaN     -0.0921           
966731.560      777504.0012    -34.428     36.568    -0.388533     0.038165     -0.920644                      NaN         NaN     -0.0921           
966732.560      782807.1551    -34.156     36.224    -0.389324     0.043569     -0.920070                      NaN         NaN     -0.0920           
966733.560      788143.6517    -33.889     35.882    -0.390081     0.048888     -0.919482                      NaN         NaN     -0.0919           
966734.560      793512.8154    -33.628     35.545    -0.390805     0.054123     -0.918881                      NaN         NaN     -0.0919           
966735.560      798913.9711    -33.373     35.211    -0.391497     0.059274     -0.918268                      NaN         NaN     -0.0918           
966736.560      804346.4713    -33.123     34.880    -0.392158     0.064343     -0.917645                      NaN         NaN     -0.0918           
966737.560      809809.6777    -32.879     34.553    -0.392789     0.069330     -0.917012                      NaN         NaN     -0.0917           
966738.560      815302.9657    -32.639     34.229    -0.393390     0.074238     -0.916369                      NaN         NaN     -0.0916           
966739.560      820825.7237    -32.405     33.909    -0.393963     0.079066     -0.915719                      NaN         NaN     -0.0916           
966740.560      826377.3580    -32.175     33.593    -0.394508     0.083816     -0.915062                      NaN         NaN     -0.0915           
966741.560      831957.2736    -31.950     33.279    -0.395026     0.088490     -0.914398                      NaN         NaN     -0.0914           
966742.560      837564.9022    -31.729     32.969    -0.395517     0.093088     -0.913729                      NaN         NaN     -0.0914           
966743.560      843199.6834    -31.513     32.662    -0.395983     0.097611     -0.913055                      NaN         NaN     -0.0913           
966744.560      848861.0686    -31.301     32.359    -0.396424     0.102061     -0.912377                      NaN         NaN     -0.0912           
966745.560      854548.5214    -31.093     32.059    -0.396841     0.106439     -0.911695                      NaN         NaN     -0.0912           
966746.560      860261.5170    -30.889     31.762    -0.397234     0.110745     -0.911011                      NaN         NaN     -0.0911           
966747.560      865999.5468    -30.689     31.468    -0.397605     0.114981     -0.910324                      NaN         NaN     -0.0910           
966748.560      871762.0994    -30.493     31.178    -0.397954     0.119148     -0.909635                      NaN         NaN     -0.0910           
966749.560      877548.6886    -30.300     30.890    -0.398280     0.123247     -0.908946                      NaN         NaN     -0.0909           
966750.560      883358.8315    -30.112     30.606    -0.398586     0.127279     -0.908256                      NaN         NaN     -0.0908           
966751.560      889192.0635    -29.926     30.324    -0.398872     0.131245     -0.907566                      NaN         NaN     -0.0908           
966752.560      895047.9229    -29.744     30.046    -0.399138     0.135146     -0.906876                      NaN         NaN     -0.0907           
966753.560      900925.9650    -29.566     29.770    -0.399385     0.138984     -0.906187                      NaN         NaN     -0.0906           
966754.560      906825.7415    -29.390     29.498    -0.399613     0.142758     -0.905500                      NaN         NaN     -0.0905           
966755.560      912746.8275    -29.218     29.228    -0.399822     0.146471     -0.904814                      NaN         NaN     -0.0905           
966756.560      918688.8030    -29.048     28.961    -0.400015     0.150123     -0.904130                      NaN         NaN     -0.0904           
966757.560      924651.2571    -28.882     28.697    -0.400190     0.153715     -0.903449                      NaN         NaN     -0.0903           
966758.560      930633.7883    -28.719     28.436    -0.400348     0.157248     -0.902770                      NaN         NaN     -0.0903           
966759.560      936636.0082    -28.558     28.177    -0.400490     0.160724     -0.902095                      NaN         NaN     -0.0902           
966760.560      942657.5239    -28.400     27.921    -0.400617     0.164142     -0.901423                      NaN         NaN     -0.0901           
966761.560      948697.9642    -28.245     27.668    -0.400728     0.167505     -0.900755                      NaN         NaN     -0.0901           
966762.560      954756.9618    -28.092     27.418    -0.400825     0.170812     -0.900090                      NaN         NaN     -0.0900           
966763.560      960834.1575    -27.942     27.170    -0.400907     0.174066     -0.899430                      NaN         NaN     -0.0899           
966764.560      966929.2000    -27.795     26.924    -0.400975     0.177265     -0.898775                      NaN         NaN     -0.0899           
966765.560      973041.7501    -27.650     26.681    -0.401029     0.180413     -0.898124                      NaN         NaN     -0.0898           
966766.560      979171.4632    -27.507     26.441    -0.401070     0.183509     -0.897478                      NaN         NaN     -0.0897           
966767.560      985318.0149    -27.366     26.203    -0.401099     0.186554     -0.896837                      NaN         NaN     -0.0897           
966768.560      991481.0839    -27.228     25.967    -0.401115     0.189550     -0.896202                      NaN         NaN     -0.0896           
966769.560      997660.3558    -27.092     25.734    -0.401118     0.192496     -0.895572                      NaN         NaN     -0.0896           
966770.560     1003855.5232    -26.958     25.503    -0.401111     0.195395     -0.894948                      NaN         NaN     -0.0895           
966771.560     1010066.2854    -26.826     25.275    -0.401091     0.198246     -0.894329                      NaN         NaN     -0.0894           
966772.560     1016292.3523    -26.697     25.048    -0.401061     0.201050     -0.893717                      NaN         NaN     -0.0894           
966773.560     1022533.4276    -26.569     24.825    -0.401019     0.203809     -0.893110                      NaN         NaN     -0.0893           
966774.560     1028789.2298    -26.443     24.603    -0.400967     0.206522     -0.892510                      NaN         NaN     -0.0893           
966775.560     1035059.4920    -26.319     24.383    -0.400905     0.209192     -0.891916                      NaN         NaN     -0.0892           
966776.560     1041343.9405    -26.197     24.166    -0.400833     0.211817     -0.891328                      NaN         NaN     -0.0891           
966777.560     1047642.3116    -26.077     23.950    -0.400752     0.214400     -0.890747                      NaN         NaN     -0.0891           
966778.560     1053954.3515    -25.958     23.737    -0.400661     0.216941     -0.890173                      NaN         NaN     -0.0890           
966779.560     1060279.7994    -25.842     23.526    -0.400561     0.219440     -0.889605                      NaN         NaN     -0.0890           
966780.560     1066618.4096    -25.726     23.317    -0.400452     0.221899     -0.889044                      NaN         NaN     -0.0889           
966781.560     1072969.9461    -25.613     23.110    -0.400335     0.224317     -0.888490                      NaN         NaN     -0.0888           
966782.560     1079334.1693    -25.501     22.905    -0.400209     0.226697     -0.887942                      NaN         NaN     -0.0888           
966783.560     1085710.8479    -25.391     22.702    -0.400075     0.229037     -0.887402                      NaN         NaN     -0.0887           
966784.560     1092099.7592    -25.283     22.500    -0.399933     0.231339     -0.886869                      NaN         NaN     -0.0887           
966785.560     1098500.6732    -25.175     22.301    -0.399783     0.233604     -0.886342                      NaN         NaN     -0.0886           
966786.560     1104913.3768    -25.070     22.103    -0.399626     0.235833     -0.885823                      NaN         NaN     -0.0886           
966787.560     1111337.6575    -24.966     21.908    -0.399462     0.238024     -0.885310                      NaN         NaN     -0.0885           
966788.560     1117773.3072    -24.863     21.714    -0.399291     0.240181     -0.884805                      NaN         NaN     -0.0885           
966789.560     1124220.1221    -24.762     21.522    -0.399113     0.242302     -0.884307                      NaN         NaN     -0.0884           
966790.560     1130677.9027    -24.662     21.332    -0.398928     0.244389     -0.883816                      NaN         NaN     -0.0884           
966791.560     1137146.4576    -24.563     21.143    -0.398737     0.246442     -0.883332                      NaN         NaN     -0.0883           
966792.560     1143625.5876    -24.466     20.956    -0.398539     0.248461     -0.882855                      NaN         NaN     -0.0883           
966793.560     1150115.1091    -24.370     20.771    -0.398336     0.250448     -0.882386                      NaN         NaN     -0.0882           
966794.560     1156614.8389    -24.275     20.588    -0.398126     0.252403     -0.881923                      NaN         NaN     -0.0882           
966795.560     1163124.5972    -24.181     20.406    -0.397911     0.254325     -0.881468                      NaN         NaN     -0.0881           
966796.560     1169644.2079    -24.089     20.225    -0.397690     0.256217     -0.881020                      NaN         NaN     -0.0881           

1187831.100     1147023.1861      3.627     20.672     0.194451     0.972810     -0.125815                  -0.0486         NaN         NaN           
1187832.100     1140535.8176      3.527     20.856     0.193014     0.972684     -0.128960                  -0.0486         NaN         NaN           
1187833.100     1134059.3856      3.425     21.042     0.191558     0.972546     -0.132135                  -0.0486         NaN         NaN           
1187834.100     1127594.0872      3.322     21.230     0.190083     0.972394     -0.135342                  -0.0486         NaN         NaN           
1187835.100     1121140.1237      3.218     21.420     0.188589     0.972229     -0.138581                  -0.0486         NaN         NaN           
1187836.100     1114697.7007      3.111     21.611     0.187074     0.972050     -0.141852                  -0.0486         NaN         NaN           
1187837.100     1108267.0273      3.004     21.804     0.185539     0.971856     -0.145156                  -0.0486         NaN         NaN           
1187838.100     1101848.3189      2.894     21.999     0.183984     0.971648     -0.148493                  -0.0486         NaN         NaN           
1187839.100     1095441.7940      2.784     22.195     0.182408     0.971424     -0.151863                  -0.0486         NaN         NaN           
1187840.100     1089047.6760      2.671     22.394     0.180810     0.971185     -0.155268                  -0.0486         NaN         NaN           
1187841.100     1082666.1933      2.557     22.594     0.179191     0.970929     -0.158706                  -0.0485         NaN         NaN           
1187842.100     1076297.5793      2.441     22.796     0.177550     0.970656     -0.162180                  -0.0485         NaN         NaN           
1187843.100     1069942.0722      2.323     23.000     0.175886     0.970366     -0.165689                  -0.0485         NaN         NaN           
1187844.100     1063599.9151      2.203     23.206     0.174200     0.970059     -0.169234                  -0.0485         NaN         NaN           
1187845.100     1057271.3574      2.081     23.414     0.172491     0.969733     -0.172815                  -0.0485         NaN         NaN           
1187846.100     1050956.6531      1.958     23.624     0.170758     0.969388     -0.176432                  -0.0485         NaN         NaN           
1187847.100     1044656.0616      1.833     23.836     0.169001     0.969024     -0.180087                  -0.0485         NaN         NaN           
1187848.100     1038369.8484      1.705     24.050     0.167220     0.968640     -0.183779                  -0.0484         NaN         NaN           
1187849.100     1032098.2846      1.576     24.266     0.165414     0.968235     -0.187509                  -0.0484         NaN         NaN           
1187850.100     1025841.6527      1.444     24.484     0.163582     0.967809     -0.191278                  -0.0484         NaN         NaN           
1187851.100     1019600.2275      1.310     24.705     0.161726     0.967361     -0.195085                  -0.0484         NaN         NaN           
1187852.100     1013374.2989      1.175     24.927     0.159843     0.966890     -0.198932                  -0.0483         NaN         NaN           
1187853.100     1007164.1652      1.036     25.152     0.157933     0.966396     -0.202818                  -0.0483         NaN         NaN           
1187854.100     1000970.1288      0.896     25.379     0.155997     0.965879     -0.206745                  -0.0483         NaN         NaN           
1187855.100      994792.4985      0.753     25.608     0.154033     0.965336     -0.210713                  -0.0483         NaN         NaN           
1187856.100      988631.5901      0.608     25.840     0.152042     0.964768     -0.214722                  -0.0482         NaN         NaN           
1187857.100      982487.7268      0.461     26.074     0.150022     0.964174     -0.218773                  -0.0482         NaN         NaN           
1187858.100      976361.2385      0.310     26.310     0.147973     0.963553     -0.222866                  -0.0482         NaN         NaN           
1187859.100      970252.4625      0.158     26.548     0.145895     0.962904     -0.227002                  -0.0481         NaN         NaN           
1187860.100      964161.7437      0.002     26.789     0.143787     0.962227     -0.231181                  -0.0481         NaN         NaN           
1187861.100      958089.4348     -0.156     27.033     0.141649     0.961520     -0.235403                  -0.0481         NaN         NaN           
1187862.100      952035.8962     -0.316     27.279     0.139479     0.960783     -0.239670                  -0.0480         NaN         NaN           
1187863.100      946001.4964     -0.480     27.527     0.137279     0.960014     -0.243981                  -0.0480         NaN         NaN           
1187864.100      939986.6121     -0.647     27.778     0.135047     0.959214     -0.248337                  -0.0480         NaN         NaN           
1187865.100      933991.6285     -0.816     28.032     0.132782     0.958380     -0.252739                  -0.0479         NaN         NaN           
1187866.100      928016.9394     -0.989     28.288     0.130484     0.957512     -0.257187                  -0.0479         NaN         NaN           
1187867.100      922062.9473     -1.165     28.547     0.128153     0.956608     -0.261681                  -0.0478         NaN         NaN           
1187868.100      916130.0639     -1.344     28.808     0.125788     0.955669     -0.266223                  -0.0478         NaN         NaN           
1187869.100      910218.7102     -1.526     29.073     0.123388     0.954692     -0.270811                  -0.0477         NaN         NaN           
1187870.100      904329.3160     -1.712     29.340     0.120953     0.953676     -0.275448                  -0.0477         NaN         NaN           
1187871.100      898462.3212     -1.901     29.609     0.118483     0.952621     -0.280133                  -0.0476         NaN         NaN           
1187872.100      892618.1756     -2.094     29.882     0.115976     0.951526     -0.284866                  -0.0476         NaN         NaN           
1187873.100      886797.3387     -2.290     30.157     0.113432     0.950388     -0.289648                  -0.0475         NaN         NaN           
1187874.100      881000.2806     -2.491     30.435     0.110851     0.949207     -0.294480                  -0.0475         NaN         NaN           
1187875.100      875227.4819     -2.695     30.716     0.108231     0.947981     -0.299362                  -0.0474         NaN         NaN           
1187876.100      869479.4331     -2.903     31.001     0.105573     0.946710     -0.304295                  -0.0473         NaN         NaN           
1187877.100      863756.6362     -3.115     31.288     0.102875     0.945391     -0.309278                  -0.0473         NaN         NaN           
1187878.100      858059.6046     -3.332     31.578     0.100138     0.944024     -0.314312                  -0.0472         NaN         NaN           
1187879.100      852388.8624     -3.553     31.871     0.097360     0.942606     -0.319397                  -0.0471         NaN         NaN           
1187880.100      846744.9507     -3.778     32.167     0.094541     0.941137     -0.324534                  -0.0471         NaN         NaN           
1187881.100      841128.4092     -4.008     32.466     0.091680     0.939616     -0.329723                  -0.0470         NaN         NaN           
1187882.100      835539.7990     -4.243     32.768     0.088777     0.938039     -0.334965                  -0.0469         NaN         NaN           
1187883.100      829979.6929     -4.482     33.073     0.085831     0.936406     -0.340259                  -0.0468         NaN         NaN           
1187884.100      824448.6758     -4.726     33.382     0.082841     0.934716     -0.345605                  -0.0467         NaN         NaN           
1187885.100      818947.3448     -4.976     33.694     0.079807     0.932966     -0.351005                  -0.0466         NaN         NaN           
1187886.100      813476.3095     -5.231     34.009     0.076729     0.931155     -0.356458                  -0.0466         NaN         NaN           
1187887.100      808036.1929     -5.491     34.327     0.073604     0.929281     -0.361965                  -0.0465         NaN         NaN           
1187888.100      802627.6320     -5.757     34.648     0.070434     0.927343     -0.367525                  -0.0464         NaN         NaN           
1187889.100      797251.2748     -6.029     34.973     0.067216     0.925338     -0.373139                  -0.0463         NaN         NaN           
1187890.100      791907.7854     -6.307     35.301     0.063952     0.923264     -0.378806                  -0.0462         NaN         NaN           
1187891.100      786597.8410     -6.591     35.632     0.060639     0.921120     -0.384527                  -0.0461         NaN         NaN           
1187892.100      781322.1328     -6.881     35.966     0.057278     0.918904     -0.390302                  -0.0459         NaN         NaN           
1187893.100      776081.3664     -7.177     36.304     0.053868     0.916613     -0.396130                  -0.0458         NaN         NaN           
1187894.100      770876.2626     -7.481     36.645     0.050408     0.914246     -0.402012                  -0.0457         NaN         NaN           
1187895.100      765707.5539     -7.791     36.990     0.046898     0.911800     -0.407947                  -0.0456         NaN         NaN           
1187896.100      760575.9903     -8.109     37.338     0.043336     0.909274     -0.413935                  -0.0455         NaN         NaN           
1187897.100      755482.3361     -8.434     37.689     0.039724     0.906665     -0.419977                  -0.0453         NaN         NaN           
1187898.100      750427.3701     -8.766     38.043     0.036059     0.903971     -0.426071                  -0.0452         NaN         NaN           
1187899.101      745411.8865     -9.107     38.401     0.032342     0.901189     -0.432217                  -0.0451         NaN         NaN           
1187900.101      740436.6959     -9.455     38.762     0.028572     0.898318     -0.438415                  -0.0449         NaN         NaN           
1187901.101      735502.6202     -9.812     39.126     0.024748     0.895355     -0.444664                  -0.0448         NaN         NaN           
1187902.101      730610.5007    -10.178     39.494     0.020871     0.892298     -0.450965                  -0.0446         NaN         NaN           
1187903.101      725761.1925    -10.553     39.865     0.016939     0.889144     -0.457315                  -0.0445         NaN         NaN           
1187904.101      720955.5664    -10.936     40.239     0.012952     0.885890     -0.463715                  -0.0443         NaN         NaN           
1187905.101      716194.5084    -11.330     40.616     0.008910     0.882535     -0.470163                  -0.0441         NaN         NaN           
1187906.101      711478.9198    -11.733     40.997     0.004812     0.879075     -0.476659                  -0.0440         NaN         NaN           
1187907.101      706809.7191    -12.147     41.380     0.000659     0.875509     -0.483202                  -0.0438         NaN         NaN           
1187908.101      702187.8348    -12.571     41.767    -0.003551     0.871833     -0.489791                  -0.0436         NaN         NaN           
1187909.101      697614.2155    -13.006     42.156    -0.007817     0.868045     -0.496424                  -0.0434         NaN         NaN           
1187970.000      551810.8596    -77.291     60.676    -0.339352     0.358167     -0.869803                      NaN         NaN     -0.0870           
1187971.000      552193.5490    -78.908     60.593    -0.344570     0.345668     -0.872803                      NaN         NaN     -0.0873           
1187972.000      552675.8167    -80.514     60.491    -0.349718     0.333124     -0.875629                      NaN         NaN     -0.0876           
1187973.000      553257.4025    -82.106     60.369    -0.354796     0.320539     -0.878279                      NaN         NaN     -0.0878           
1187974.000      553937.9988    -83.682     60.229    -0.359800     0.307923     -0.880754                      NaN         NaN     -0.0881           
1187975.000      554717.2307    -85.238     60.069    -0.364729     0.295281     -0.883053                      NaN         NaN     -0.0883           
1187976.000      555594.6880    -86.775     59.892    -0.369580     0.282621     -0.885176                      NaN         NaN     -0.0885           
1187977.000      556569.9059    -88.289     59.697    -0.374351     0.269950     -0.887124                      NaN         NaN     -0.0887           
1187978.000      557642.3708    -89.779     59.486    -0.379041     0.257275     -0.888897                      NaN         NaN     -0.0889           
1187979.000      558811.5224    -91.245     59.258    -0.383648     0.244602     -0.890496                      NaN         NaN     -0.0890           
1187980.000      560076.7597    -92.683     59.014    -0.388171     0.231939     -0.891924                      NaN         NaN     -0.0892           
1187981.000      561437.4215    -94.094     58.755    -0.392608     0.219292     -0.893180                      NaN         NaN     -0.0893           
1187982.000      562892.8202    -95.477     58.483    -0.396958     0.206668     -0.894267                      NaN         NaN     -0.0894           
1187983.000      564442.2219    -96.831     58.196    -0.401220     0.194074     -0.895186                      NaN         NaN     -0.0895           
1187984.000      566084.8534    -98.155     57.897    -0.405394     0.181515     -0.895940                      NaN         NaN     -0.0896           
1187985.000      567819.9042    -99.448     57.585    -0.409478     0.168997     -0.896531                      NaN         NaN     -0.0897           
1187986.000      569646.5340   -100.712     57.263    -0.413473     0.156527     -0.896961                      NaN         NaN     -0.0897           
1187987.000      571563.8522   -101.945     56.929    -0.417377     0.144111     -0.897234                      NaN         NaN     -0.0897           
1187988.000      573570.9529   -103.147     56.585    -0.421190     0.131753     -0.897352                      NaN         NaN     -0.0897           
1187989.000      575666.8954   -104.319     56.233    -0.424913     0.119460     -0.897317                      NaN         NaN     -0.0897           
1187990.000      577850.7110   -105.460     55.871    -0.428545     0.107236     -0.897134                      NaN         NaN     -0.0897           
1187991.000      580121.4052   -106.572     55.502    -0.432086     0.095087     -0.896805                      NaN         NaN     -0.0897           
1187992.000      582477.9599   -107.654     55.125    -0.435537     0.083017     -0.896335                      NaN         NaN     -0.0896           
1187993.000      584919.3407   -108.706     54.741    -0.438898     0.071030     -0.895725                      NaN         NaN     -0.0896           
1187994.000      587444.4763   -109.730     54.351    -0.442169     0.059132     -0.894980                      NaN         NaN     -0.0895           
1187995.000      590052.2945   -110.726     53.956    -0.445351     0.047325     -0.894104                      NaN         NaN     -0.0894           
1187996.000      592741.7015   -111.694     53.556    -0.448445     0.035614     -0.893101                      NaN         NaN     -0.0893           
1187997.000      595511.5891   -112.636     53.152    -0.451451     0.024003     -0.891973                      NaN         NaN     -0.0892           
1187998.000      598360.8370   -113.550     52.743    -0.454370     0.012494     -0.890725                      NaN         NaN     -0.0891           
1187999.000      601288.3197   -114.439     52.331    -0.457204     0.001091     -0.889361                      NaN         NaN     -0.0889           
1188000.000      604292.7930   -115.303     51.917    -0.459953    -0.010203     -0.887885                      NaN         NaN     -0.0888           
1188001.000      607373.2989   -116.142     51.499    -0.462618    -0.021386     -0.886300                      NaN         NaN     -0.0886           
1188002.000      610528.5940   -116.958     51.080    -0.465200    -0.032456     -0.884610                      NaN         NaN     -0.0885           
1188003.000      613757.5217   -117.750     50.659    -0.467702    -0.043409     -0.882820                      NaN         NaN     -0.0883           
1188004.000      617058.9285   -118.520     50.237    -0.470123    -0.054244     -0.880933                      NaN         NaN     -0.0881           
1188005.000      620431.6423   -119.269     49.814    -0.472465    -0.064960     -0.878952                      NaN         NaN     -0.0879           
1188006.000      623874.5087   -119.996     49.390    -0.474730    -0.075554     -0.876883                      NaN         NaN     -0.0877           
1188007.000      627386.3691   -120.703     48.966    -0.476919    -0.086025     -0.874728                      NaN         NaN     -0.0875           
1188008.000      630966.0678   -121.389     48.543    -0.479033    -0.096373     -0.872491                      NaN         NaN     -0.0872           
1188009.000      634612.4530   -122.057     48.119    -0.481074    -0.106595     -0.870175                      NaN         NaN     -0.0870           
1188010.000      638324.3836   -122.706     47.696    -0.483043    -0.116692     -0.867786                      NaN         NaN     -0.0868           
