414177.130      994466.1600     22.730     25.766    -0.025077    -0.498096     -0.866759                      NaN         NaN     -0.0867           
414178.130      988160.2746     22.828     26.005    -0.026688    -0.496301     -0.867740                      NaN         NaN     -0.0868           
414179.130      981869.1535     22.927     26.246    -0.028324    -0.494465     -0.868736                      NaN         NaN     -0.0869           
414180.130      975593.0922     23.027     26.490    -0.029983    -0.492587     -0.869746                      NaN         NaN     -0.0870           
414181.130      969332.3839     23.130     26.737    -0.031666    -0.490667     -0.870771                      NaN         NaN     -0.0871           
414182.130      963087.3362     23.233     26.986    -0.033374    -0.488704     -0.871811                      NaN         NaN     -0.0872           
414183.130      956858.2674     23.339     27.238    -0.035108    -0.486696     -0.872866                      NaN         NaN     -0.0873           
414184.130      950645.4961     23.447     27.493    -0.036867    -0.484643     -0.873935                      NaN         NaN     -0.0874           
414185.130      944449.3606     23.556     27.750    -0.038652    -0.482544     -0.875018                      NaN         NaN     -0.0875           
414186.130      938270.1948     23.667     28.011    -0.040464    -0.480398     -0.876117                      NaN         NaN     -0.0876           
414187.130      932108.3448     23.781     28.274    -0.042302    -0.478204     -0.877230                      NaN         NaN     -0.0877           
414188.130      925964.1648     23.896     28.541    -0.044167    -0.475961     -0.878357                      NaN         NaN     -0.0878           
414189.130      919838.0174     24.013     28.810    -0.046060    -0.473667     -0.879499                      NaN         NaN     -0.0879           
414190.130      913730.2737     24.133     29.083    -0.047981    -0.471323     -0.880655                      NaN         NaN     -0.0881           
414191.130      907641.3096     24.254     29.358    -0.049930    -0.468927     -0.881825                      NaN         NaN     -0.0882           
414192.130      901571.5223     24.378     29.637    -0.051909    -0.466477     -0.883009                      NaN         NaN     -0.0883           
414193.130      895521.3060     24.504     29.919    -0.053916    -0.463973     -0.884207                      NaN         NaN     -0.0884           
414194.130      889491.0684     24.633     30.204    -0.055953    -0.461413     -0.885419                      NaN         NaN     -0.0885           
414195.130      883481.2270     24.764     30.493    -0.058021    -0.458797     -0.886645                      NaN         NaN     -0.0887           
414196.130      877492.2092     24.897     30.785    -0.060119    -0.456123     -0.887884                      NaN         NaN     -0.0888           
414197.130      871524.4484     25.033     31.080    -0.062248    -0.453390     -0.889136                      NaN         NaN     -0.0889           
414198.130      865578.4012     25.172     31.379    -0.064408    -0.450596     -0.890401                      NaN         NaN     -0.0890           
414199.130      859654.5220     25.314     31.681    -0.066601    -0.447742     -0.891679                      NaN         NaN     -0.0892           
414200.130      853753.2805     25.458     31.987    -0.068825    -0.444824     -0.892970                      NaN         NaN     -0.0893           
414201.130      847875.1578     25.605     32.297    -0.071083    -0.441842     -0.894272                      NaN         NaN     -0.0894           
414202.130      842020.6461     25.756     32.610    -0.073374    -0.438795     -0.895587                      NaN         NaN     -0.0896           
414203.130      836190.2454     25.909     32.927    -0.075698    -0.435681     -0.896913                      NaN         NaN     -0.0897           
414204.130      830384.4803     26.066     33.248    -0.078057    -0.432499     -0.898249                      NaN         NaN     -0.0898           
414205.130      824603.8748     26.226     33.573    -0.080450    -0.429247     -0.899597                      NaN         NaN     -0.0900           
414206.130      818848.9701     26.389     33.901    -0.082878    -0.425924     -0.900955                      NaN         NaN     -0.0901           
414207.130      813120.3198     26.556     34.234    -0.085342    -0.422529     -0.902323                      NaN         NaN     -0.0902           
414208.130      807418.4909     26.726     34.570    -0.087842    -0.419060     -0.903700                      NaN         NaN     -0.0904           
414209.130      801744.0594     26.900     34.911    -0.090378    -0.415515     -0.905085                      NaN         NaN     -0.0905           
414210.130      796097.6325     27.078     35.256    -0.092951    -0.411893     -0.906479                      NaN         NaN     -0.0906           
414211.130      790479.8069     27.260     35.605    -0.095561    -0.408193     -0.907880                      NaN         NaN     -0.0908           
414212.130      784891.2042     27.447     35.958    -0.098209    -0.404413     -0.909288                      NaN         NaN     -0.0909           
414213.130      779332.4637     27.637     36.315    -0.100895    -0.400551     -0.910702                      NaN         NaN     -0.0911           
414214.130      773804.2369     27.832     36.677    -0.103620    -0.396606     -0.912122                      NaN         NaN     -0.0912           
414215.130      768307.1903     28.032     37.043    -0.106383    -0.392576     -0.913546                      NaN         NaN     -0.0914           
414216.130      762842.0014     28.236     37.414    -0.109186    -0.388459     -0.914974                      NaN         NaN     -0.0915           
414217.130      757409.3764     28.445     37.789    -0.112028    -0.384255     -0.916405                      NaN         NaN     -0.0916           
414218.130      752010.0243     28.660     38.169    -0.114911    -0.379960     -0.917838                      NaN         NaN     -0.0918           
414219.130      746644.6747     28.879     38.553    -0.117833    -0.375573     -0.919272                      NaN         NaN     -0.0919           
414220.130      741314.0736     29.104     38.942    -0.120797    -0.371093     -0.920705                      NaN         NaN     -0.0921           
414221.130      736018.9835     29.335     39.336    -0.123802    -0.366518     -0.922138                      NaN         NaN     -0.0922           
414222.130      730760.1796     29.572     39.734    -0.126848    -0.361846     -0.923568                      NaN         NaN     -0.0924           
414223.130      725538.4674     29.815     40.138    -0.129936    -0.357075     -0.924994                      NaN         NaN     -0.0925           
414224.130      720354.6565     30.064     40.546    -0.133066    -0.352203     -0.926416                      NaN         NaN     -0.0926           
414225.130      715209.5784     30.320     40.959    -0.136237    -0.347230     -0.927831                      NaN         NaN     -0.0928           
414226.130      710104.0827     30.583     41.376    -0.139452    -0.342152     -0.929239                      NaN         NaN     -0.0929           
414227.130      705039.0364     30.853     41.799    -0.142709    -0.336969     -0.930637                      NaN         NaN     -0.0931           
414228.130      700015.3207     31.130     42.227    -0.146009    -0.331678     -0.932025                      NaN         NaN     -0.0932           
414229.130      695033.8478     31.415     42.660    -0.149351    -0.326278     -0.933401                      NaN         NaN     -0.0933           
414230.130      690095.5354     31.708     43.097    -0.152737    -0.320767     -0.934762                      NaN         NaN     -0.0935           
414231.130      685201.3238     32.010     43.540    -0.156166    -0.315142     -0.936108                      NaN         NaN     -0.0936           
414232.130      680352.1719     32.320     43.988    -0.159637    -0.309403     -0.937436                      NaN         NaN     -0.0937           
414233.130      675549.0571     32.640     44.441    -0.163152    -0.303548     -0.938744                      NaN         NaN     -0.0939           
414234.131      670792.9755     32.969     44.899    -0.166710    -0.297575     -0.940030                      NaN         NaN     -0.0940           
414235.131      666084.9370     33.308     45.362    -0.170311    -0.291482     -0.941293                      NaN         NaN     -0.0941           
414236.131      661425.9836     33.657     45.830    -0.173954    -0.285267     -0.942530                      NaN         NaN     -0.0943           
414237.131      656817.1619     34.018     46.303    -0.177640    -0.278930     -0.943738                      NaN         NaN     -0.0944           
414238.131      652259.5416     34.389     46.781    -0.181369    -0.272468     -0.944916                      NaN         NaN     -0.0945           
414239.131      647754.2103     34.773     47.264    -0.185139    -0.265880     -0.946061                      NaN         NaN     -0.0946           
414240.131      643302.2768     35.169     47.752    -0.188951    -0.259165     -0.947170                      NaN         NaN     -0.0947           
414241.131      638904.8541     35.578     48.245    -0.192804    -0.252321     -0.948241                      NaN         NaN     -0.0948           
414242.131      634563.0909     36.001     48.743    -0.196697    -0.245347     -0.949271                      NaN         NaN     -0.0949           
414243.131      630278.1413     36.437     49.245    -0.200631    -0.238241     -0.950257                      NaN         NaN     -0.0950           
414244.131      626051.1784     36.889     49.752    -0.204604    -0.231003     -0.951196                      NaN         NaN     -0.0951           
414245.131      621883.3911     37.357     50.264    -0.208616    -0.223631     -0.952086                      NaN         NaN     -0.0952           
414246.131      617775.9833     37.841     50.780    -0.212666    -0.216125     -0.952924                      NaN         NaN     -0.0953           
414247.131      613730.1691     38.342     51.301    -0.216753    -0.208483     -0.953705                      NaN         NaN     -0.0954           
414248.131      609747.1896     38.862     51.825    -0.220876    -0.200705     -0.954427                      NaN         NaN     -0.0954           
414249.131      605828.2859     39.401     52.354    -0.225033    -0.192791     -0.955087                      NaN         NaN     -0.0955           
414250.131      601974.7152     39.959     52.886    -0.229225    -0.184739     -0.955682                      NaN         NaN     -0.0956           
414251.131      598187.7463     40.539     53.423    -0.233449    -0.176550     -0.956207                      NaN         NaN     -0.0956           
414252.131      594468.6578     41.141     53.962    -0.237705    -0.168222     -0.956660                      NaN         NaN     -0.0957           
414253.131      590818.7373     41.767     54.505    -0.241990    -0.159758     -0.957036                      NaN         NaN     -0.0957           
414254.131      587239.2760     42.417     55.050    -0.246304    -0.151155     -0.957333                      NaN         NaN     -0.0957           
414255.131      583731.5844     43.093     55.599    -0.250645    -0.142415     -0.957546                      NaN         NaN     -0.0958           
414256.131      580296.9652     43.797     56.149    -0.255010    -0.133538     -0.957673                      NaN         NaN     -0.0958           
414257.131      576936.7287     44.529     56.702    -0.259399    -0.124525     -0.957708                      NaN         NaN     -0.0958           
414258.131      573652.1875     45.292     57.255    -0.263809    -0.115377     -0.957650                      NaN         NaN     -0.0958           
414259.131      570444.6545     46.087     57.810    -0.268239    -0.106095     -0.957493                      NaN         NaN     -0.0957           
414260.131      567315.4365     46.916     58.366    -0.272685    -0.096679     -0.957233                      NaN         NaN     -0.0957           
414261.131      564265.8504     47.780     58.921    -0.277147    -0.087133     -0.956869                      NaN         NaN     -0.0957           
414262.131      561297.1947     48.683     59.477    -0.281621    -0.077457     -0.956394                      NaN         NaN     -0.0956           
414263.131      558410.7650     49.625     60.031    -0.286105    -0.067654     -0.955807                      NaN         NaN     -0.0956           
414264.131      555607.8477     50.609     60.583    -0.290597    -0.057726     -0.955103                      NaN         NaN     -0.0955           
414265.131      552889.7176     51.637     61.133    -0.295094    -0.047675     -0.954278                      NaN         NaN     -0.0954           
414266.131      550257.6313     52.711     61.680    -0.299593    -0.037504     -0.953330                      NaN         NaN     -0.0953           
414267.131      547712.8426     53.835     62.222    -0.304091    -0.027217     -0.952254                      NaN         NaN     -0.0952           
414268.131      545256.5738     55.010     62.760    -0.308586    -0.016816     -0.951048                      NaN         NaN     -0.0951           
414269.131      542890.0306     56.239     63.292    -0.313075    -0.006305     -0.949707                      NaN         NaN     -0.0950           
414270.131      540614.3973     57.525     63.817    -0.317555     0.004311     -0.948230                      NaN         NaN     -0.0948           
414271.131      538430.8279     58.871     64.334    -0.322022     0.015030     -0.946613                      NaN         NaN     -0.0947           
414272.131      536340.4507     60.278     64.842    -0.326473     0.025845     -0.944853                      NaN         NaN     -0.0945           
414273.131      534344.3601     61.750     65.340    -0.330906     0.036754     -0.942948                      NaN         NaN     -0.0943           
414274.131      532443.6286     63.289     65.825    -0.335316     0.047750     -0.940895                      NaN         NaN     -0.0941           
414275.131      530639.2803     64.897     66.298    -0.339701     0.058829     -0.938692                      NaN         NaN     -0.0939           
414276.131      528932.3050     66.577     66.756    -0.344058     0.069985     -0.936337                      NaN         NaN     -0.0936           
414277.131      527323.6517     68.331     67.199    -0.348382     0.081213     -0.933828                      NaN         NaN     -0.0934           
414278.131      525814.2261     70.159     67.623    -0.352671     0.092507     -0.931164                      NaN         NaN     -0.0931           
414279.131      524404.8839     72.063     68.028    -0.356921     0.103861     -0.928343                      NaN         NaN     -0.0928           
414280.131      523096.4454     74.044     68.412    -0.361129     0.115268     -0.925364                      NaN         NaN     -0.0925           
414281.131      521889.6682     76.100     68.773    -0.365291     0.126721     -0.922228                      NaN         NaN     -0.0922           
414282.131      520785.2617     78.231     69.110    -0.369405     0.138216     -0.918932                      NaN         NaN     -0.0919           
414283.131      519783.8811     80.435     69.420    -0.373467     0.149744     -0.915478                      NaN         NaN     -0.0915           
414284.131      518886.1253     82.709     69.703    -0.377474     0.161298     -0.911864                      NaN         NaN     -0.0912           
414285.131      518092.5315     85.048     69.956    -0.381423     0.172872     -0.908092                      NaN         NaN     -0.0908           
414286.131      517403.5890     87.448     70.178    -0.385310     0.184459     -0.904163                      NaN         NaN     -0.0904           
414287.131      516819.7145     89.902     70.367    -0.389133     0.196050     -0.900078                      NaN         NaN     -0.0900           
414288.131      516341.2663     92.403     70.523    -0.392889     0.207640     -0.895837                      NaN         NaN     -0.0896           
414289.131      515968.5396     94.943     70.643    -0.396576     0.219220     -0.891443                      NaN         NaN     -0.0891           
414290.131      515701.7652     97.511     70.728    -0.400190     0.230784     -0.886897                      NaN         NaN     -0.0887           
414291.131      515541.1055    100.099     70.777    -0.403729     0.242324     -0.882203                      NaN         NaN     -0.0882           
414292.131      515486.6687    102.696     70.789    -0.407190     0.253832     -0.877363                      NaN         NaN     -0.0877           
414293.131      515538.4857    105.291     70.764    -0.410573     0.265303     -0.872379                      NaN         NaN     -0.0872           
414294.131      515696.5259    107.874     70.703    -0.413873     0.276727     -0.867255                      NaN         NaN     -0.0867           
414420.604     1080980.6343   -176.973     22.477    -0.416646     0.866336     -0.275440                  -0.0433         NaN         NaN           
414421.604     1087477.7869   -176.895     22.272    -0.415939     0.867135     -0.273992                  -0.0434         NaN         NaN           
414422.604     1093985.9675   -176.819     22.068    -0.415236     0.867917     -0.272580                  -0.0434         NaN         NaN           
414423.604     1100504.9728   -176.744     21.866    -0.414538     0.868682     -0.271202                  -0.0434         NaN         NaN           
414424.604     1107034.6041   -176.670     21.666    -0.413844     0.869431     -0.269859                  -0.0435         NaN         NaN           
414425.604     1113574.6675   -176.597     21.469    -0.413155     0.870164     -0.268549                  -0.0435         NaN         NaN           
414426.604     1120124.9712   -176.525     21.273    -0.412470     0.870881     -0.267273                  -0.0435         NaN         NaN           
414427.604     1126685.3297   -176.454     21.079    -0.411789     0.871584     -0.266029                  -0.0436         NaN         NaN           
414428.604     1133255.5641   -176.383     20.887    -0.411113     0.872271     -0.264818                  -0.0436         NaN         NaN           
414429.604     1139835.4926   -176.314     20.696    -0.410442     0.872944     -0.263639                  -0.0436         NaN         NaN           
414430.604     1146424.9406   -176.246     20.508    -0.409775     0.873603     -0.262491                  -0.0437         NaN         NaN           
414431.604     1153023.7370   -176.179     20.321    -0.409112     0.874249     -0.261374                  -0.0437         NaN         NaN           
414432.604     1159631.7154   -176.112     20.136    -0.408454     0.874880     -0.260288                  -0.0437         NaN         NaN           
414433.604     1166248.7105   -176.047     19.952    -0.407800     0.875499     -0.259232                  -0.0438         NaN         NaN      

972106.811     1168903.9629    171.868     19.936     0.396051    -0.905896      0.149988                      NaN     -0.0453         NaN           
972107.811     1162233.0009    171.909     20.120     0.395747    -0.906451      0.147416                      NaN     -0.0453         NaN           
972108.811     1155570.4329    171.950     20.306     0.395437    -0.907006      0.144812                      NaN     -0.0454         NaN           
972109.811     1148916.4128    171.992     20.494     0.395120    -0.907561      0.142174                      NaN     -0.0454         NaN           
972110.811     1142271.0981    172.035     20.684     0.394797    -0.908116      0.139503                      NaN     -0.0454         NaN           
972111.811     1135634.6481    172.078     20.875     0.394466    -0.908671      0.136797                      NaN     -0.0454         NaN           
972112.811     1129007.2301    172.122     21.069     0.394128    -0.909226      0.134056                      NaN     -0.0455         NaN           
972113.811     1122389.0107    172.166     21.264     0.393783    -0.909781      0.131279                      NaN     -0.0455         NaN           
972114.811     1115780.1613    172.211     21.461     0.393430    -0.910335      0.128467                      NaN     -0.0455         NaN           
972115.811     1109180.8576    172.257     21.660     0.393069    -0.910888      0.125617                      NaN     -0.0455         NaN           
972116.811     1102591.2788    172.303     21.861     0.392700    -0.911440      0.122731                      NaN     -0.0456         NaN           
972117.811     1096011.6082    172.350     22.065     0.392324    -0.911991      0.119807                      NaN     -0.0456         NaN           
972118.811     1089442.0319    172.397     22.270     0.391939    -0.912541      0.116845                      NaN     -0.0456         NaN           
972119.811     1082882.7444    172.446     22.477     0.391545    -0.913090      0.113843                      NaN     -0.0457         NaN           
972120.811     1076333.9459    172.495     22.687     0.391142    -0.913636      0.110802                      NaN     -0.0457         NaN           
972121.811     1069795.8279    172.544     22.898     0.390731    -0.914180      0.107720                      NaN     -0.0457         NaN           
972122.811     1063268.5957    172.594     23.112     0.390310    -0.914723      0.104598                      NaN     -0.0457         NaN           
972123.811     1056752.4617    172.645     23.328     0.389879    -0.915262      0.101434                      NaN     -0.0458         NaN           
972124.811     1050247.6388    172.697     23.546     0.389439    -0.915799      0.098228                      NaN     -0.0458         NaN           
972125.811     1043754.3491    172.750     23.767     0.388989    -0.916333      0.094979                      NaN     -0.0458         NaN           
972126.811     1037272.8156    172.803     23.990     0.388528    -0.916864      0.091687                      NaN     -0.0458         NaN           
972127.811     1030803.2677    172.857     24.215     0.388057    -0.917391      0.088350                      NaN     -0.0459         NaN           
972128.811     1024345.9402    172.912     24.443     0.387575    -0.917914      0.084968                      NaN     -0.0459         NaN           
972129.811     1017901.0736    172.968     24.673     0.387082    -0.918433      0.081540                      NaN     -0.0459         NaN           
972130.811     1011468.9124    173.025     24.905     0.386577    -0.918947      0.078066                      NaN     -0.0459         NaN           
972131.811     1005049.7107    173.082     25.141     0.386061    -0.919456      0.074545                      NaN     -0.0460         NaN           
972132.811      998643.7249    173.141     25.378     0.385532    -0.919960      0.070975                      NaN     -0.0460         NaN           
972133.811      992251.2185    173.200     25.619     0.384992    -0.920459      0.067357                      NaN     -0.0460         NaN           
972134.811      985872.4614    173.261     25.862     0.384438    -0.920951      0.063689                      NaN     -0.0460         NaN           
972135.811      979507.7297    173.322     26.108     0.383872    -0.921437      0.059971                      NaN     -0.0461         NaN           
972136.811      973157.3063    173.385     26.356     0.383292    -0.921916      0.056201                      NaN     -0.0461         NaN           
972137.811      966821.4795    173.448     26.607     0.382698    -0.922387      0.052380                      NaN     -0.0461         NaN           
972138.811      960500.5479    173.513     26.862     0.382091    -0.922851      0.048505                      NaN     -0.0461         NaN           
972139.811      954194.8141    173.578     27.119     0.381468    -0.923306      0.044577                      NaN     -0.0462         NaN           
972140.811      947904.5886    173.645     27.379     0.380831    -0.923753      0.040595                      NaN     -0.0462         NaN           
972141.811      941630.1898    173.713     27.642     0.380179    -0.924190      0.036556                      NaN     -0.0462         NaN           
972142.811      935371.9436    173.782     27.908     0.379511    -0.924618      0.032462                      NaN     -0.0462         NaN           
972143.811      929130.1828    173.853     28.177     0.378827    -0.925035      0.028310                      NaN     -0.0463         NaN           
972144.811      922905.2514    173.924     28.450     0.378126    -0.925440      0.024099                      NaN     -0.0463         NaN           
972145.811      916697.4984    173.997     28.725     0.377408    -0.925835      0.019830                      NaN     -0.0463         NaN           
972146.811      910507.2826    174.071     29.004     0.376673    -0.926217      0.015501                      NaN     -0.0463         NaN           
972147.811      904334.9715    174.147     29.287     0.375920    -0.926586      0.011110                      NaN     -0.0463         NaN           
972148.811      898180.9414    174.224     29.572     0.375148    -0.926941      0.006658                      NaN     -0.0463         NaN           
972149.811      892045.5770    174.302     29.861     0.374358    -0.927282      0.002142                      NaN     -0.0464         NaN           
972150.811      885929.2805    174.382     30.154     0.373548    -0.927608     -0.002438                      NaN     -0.0464         NaN           
972151.811      879832.4480    174.464     30.450     0.372718    -0.927918     -0.007082                      NaN     -0.0464         NaN           
972152.811      873755.4937    174.547     30.750     0.371867    -0.928211     -0.011793                      NaN     -0.0464         NaN           
972153.811      867698.8453    174.631     31.053     0.370996    -0.928487     -0.016571                      NaN     -0.0464         NaN           
972154.811      861662.9382    174.718     31.360     0.370102    -0.928744     -0.021417                      NaN     -0.0464         NaN           
972155.811      855648.2184    174.806     31.672     0.369187    -0.928982     -0.026332                      NaN     -0.0464         NaN           
972156.811      849655.1420    174.896     31.986     0.368248    -0.929200     -0.031317                      NaN     -0.0465         NaN           
972157.811      843684.1789    174.987     32.305     0.367286    -0.929396     -0.036373                      NaN     -0.0465         NaN           
972158.811      837735.8083    175.081     32.628     0.366300    -0.929571     -0.041502                      NaN     -0.0465         NaN           
972159.811      831810.5216    175.177     32.955     0.365289    -0.929722     -0.046704                      NaN     -0.0465         NaN           
972160.811      825908.8226    175.274     33.286     0.364253    -0.929848     -0.051981                      NaN     -0.0465         NaN           
972161.811      820031.2274    175.374     33.621     0.363190    -0.929949     -0.057333                      NaN     -0.0465         NaN           
972162.811      814178.2643    175.476     33.961     0.362101    -0.930024     -0.062762                      NaN     -0.0465         NaN           
972163.811      808350.4766    175.580     34.305     0.360984    -0.930070     -0.068269                      NaN     -0.0465         NaN           
972164.811      802548.4187    175.686     34.653     0.359838    -0.930087     -0.073854                      NaN     -0.0465         NaN           
972165.811      796772.6595    175.795     35.006     0.358663    -0.930074     -0.079520                      NaN     -0.0465         NaN           
972166.811      791023.7817    175.906     35.364     0.357459    -0.930028     -0.085266                      NaN     -0.0465         NaN           
972167.811      785302.3823    176.020     35.726     0.356223    -0.929950     -0.091095                      NaN     -0.0465         NaN           
972168.811      779609.0723    176.137     36.092     0.354956    -0.929836     -0.097007                      NaN     -0.0465         NaN           
972169.811      773944.4795    176.256     36.464     0.353657    -0.929687     -0.103003                      NaN     -0.0465         NaN           
972170.811      768309.2450    176.378     36.840     0.352324    -0.929499     -0.109084                      NaN     -0.0465         NaN           
972171.811      762704.0259    176.503     37.222     0.350957    -0.929272     -0.115252                      NaN     -0.0465         NaN           
972172.811      757129.4953    176.631     37.608     0.349555    -0.929003     -0.121507                      NaN     -0.0465         NaN           
972173.811      751586.3426    176.762     38.000     0.348117    -0.928692     -0.127851                      NaN     -0.0464         NaN           
972174.811      746075.2729    176.897     38.397     0.346642    -0.928336     -0.134285                      NaN     -0.0464         NaN           
972175.811      740597.0099    177.035     38.798     0.345129    -0.927933     -0.140808                      NaN     -0.0464         NaN           
972176.811      735152.2926    177.177     39.206     0.343576    -0.927481     -0.147424                      NaN     -0.0464         NaN           
972177.811      729741.8782    177.322     39.618     0.341984    -0.926979     -0.154131                      NaN     -0.0463         NaN           
972178.811      724366.5415    177.471     40.037     0.340351    -0.926424     -0.160932                      NaN     -0.0463         NaN           
972179.811      719027.0752    177.624     40.460     0.338675    -0.925815     -0.167827                      NaN     -0.0463         NaN           
972180.811      713724.2950    177.782     40.890     0.336956    -0.925148     -0.174817                      NaN     -0.0463         NaN           
972181.811      708459.0246    177.944     41.325     0.335193    -0.924422     -0.181903                      NaN     -0.0462         NaN           
972182.811      703232.1112    178.110     41.765     0.333385    -0.923635     -0.189086                      NaN     -0.0462         NaN           
972183.811      698044.4252    178.281     42.212     0.331530    -0.922783     -0.196366                      NaN     -0.0461         NaN           
972184.811      692896.8536    178.457     42.665     0.329627    -0.921865     -0.203744                      NaN     -0.0461         NaN           
972185.811      687790.3029    178.638     43.123     0.327675    -0.920877     -0.211220                      NaN     -0.0460         NaN           
972186.811      682725.6992    178.825     43.588     0.325673    -0.919818     -0.218795                      NaN     -0.0460         NaN           
972187.811      677703.9886    179.017     44.058     0.323620    -0.918685     -0.226470                      NaN     -0.0459         NaN           
972188.811      672726.1375    179.215     44.535     0.321514    -0.917474     -0.234245                      NaN     -0.0459         NaN           
972189.811      667793.1321    179.419     45.018     0.319354    -0.916183     -0.242120                      NaN     -0.0458         NaN           
972190.811      662905.9791    179.630     45.508     0.317139    -0.914809     -0.250095                      NaN     -0.0457         NaN           
972191.811      658065.7055    179.848     46.004     0.314868    -0.913349     -0.258171                      NaN     -0.0457         NaN           
972192.811      653273.3585   -179.928     46.506     0.312539    -0.911799     -0.266348                      NaN     -0.0456         NaN           
972193.811      648530.0062   -179.696     47.015     0.310152    -0.910158     -0.274625                      NaN     -0.0455         NaN           
972194.811      643836.7364   -179.456     47.530     0.307704    -0.908421     -0.283002                      NaN     -0.0454         NaN           
972195.811      639194.6575   -179.207     48.051     0.305194    -0.906585     -0.291479                      NaN     -0.0453         NaN           
972196.811      634604.8981   -178.950     48.580     0.302622    -0.904647     -0.300056                      NaN     -0.0452         NaN           
972197.811      630068.6064   -178.684     49.115     0.299986    -0.902603     -0.308733                      NaN     -0.0451         NaN           
972198.811      625586.9505   -178.408     49.656     0.297285    -0.900450     -0.317507                      NaN     -0.0450         NaN           
972199.811      621161.1180   -178.122     50.204     0.294517    -0.898185     -0.326379                      NaN     -0.0449         NaN           
972200.811      616792.3154   -177.826     50.759     0.291681    -0.895804     -0.335347                      NaN     -0.0448         NaN           
972201.811      612481.7674   -177.518     51.320     0.288776    -0.893303     -0.344411                      NaN     -0.0447         NaN           
972202.811      608230.7174   -177.198     51.888     0.285801    -0.890678     -0.353568                      NaN     -0.0445         NaN           
972203.811      604040.4261   -176.865     52.462     0.282754    -0.887926     -0.362819                      NaN     -0.0444         NaN           
972204.811      599912.1711   -176.519     53.043     0.279634    -0.885044     -0.372159                      NaN     -0.0443         NaN           
972205.811      595847.2463   -176.158     53.631     0.276441    -0.882026     -0.381589                      NaN     -0.0441         NaN           
972206.811      591846.9612   -175.783     54.225     0.273172    -0.878871     -0.391105                      NaN     -0.0439         NaN           
972207.811      587912.6387   -175.391     54.825     0.269828    -0.875573     -0.400706                      NaN     -0.0438         NaN           
972208.811      584045.6163   -174.982     55.432     0.266406    -0.872129     -0.410389                      NaN     -0.0436         NaN           
972209.811      580247.2435   -174.555     56.045     0.262907    -0.868535     -0.420151                      NaN     -0.0434         NaN           
972256.811      502476.4428    -75.473     76.585     0.017074    -0.496281     -0.867994                      NaN         NaN     -0.0868           
972257.811      503311.3330    -72.222     76.169     0.010914    -0.484648     -0.874641                      NaN         NaN     -0.0875           
972258.811      504253.5564    -69.177     75.715     0.004772    -0.472951     -0.881076                      NaN         NaN     -0.0881           
972259.811      505302.5103    -66.333     75.226    -0.001350    -0.461197     -0.887297                      NaN         NaN     -0.0887           
972260.811      506457.5292    -63.685     74.706    -0.007446    -0.449396     -0.893302                      NaN         NaN     -0.0893           
972261.811      507717.8866    -61.222     74.161    -0.013514    -0.437555     -0.899090                      NaN         NaN     -0.0899           
972262.811      509082.7976    -58.933     73.592    -0.019550    -0.425683     -0.904661                      NaN         NaN     -0.0905           
972263.811      510551.4237    -56.809     73.003    -0.025550    -0.413789     -0.910014                      NaN         NaN     -0.0910           
972264.811      512122.8642    -54.836     72.397    -0.031512    -0.401879     -0.915151                      NaN         NaN     -0.0915           
972265.811      513796.1754    -53.003     71.776    -0.037432    -0.389962     -0.920070                      NaN         NaN     -0.0920           
972266.811      515570.3623    -51.299     71.143    -0.043307    -0.378046     -0.924773                      NaN         NaN     -0.0925           
972267.811      517444.3840    -49.714     70.500    -0.049135    -0.366139     -0.929262                      NaN         NaN     -0.0929           
972268.811      519417.1566    -48.237     69.849    -0.054912    -0.354248     -0.933538                      NaN         NaN     -0.0934           
972269.811      521487.5587    -46.861     69.191    -0.060636    -0.342381     -0.937603                      NaN         NaN     -0.0938           
972270.811      523654.4213    -45.575     68.528    -0.066304    -0.330543     -0.941459                      NaN         NaN     -0.0941           
972271.811      525916.5529    -44.374     67.862    -0.071915    -0.318744     -0.945109                      NaN         NaN     -0.0945           
972272.811      528272.7252    -43.249     67.192    -0.077466    -0.306988     -0.948556                      NaN         NaN     -0.0949           
972273.811      530721.6834    -42.194     66.521    -0.082956    -0.295282     -0.951802                      NaN         NaN     -0.0952           
972274.811      533262.1449    -41.204     65.849    -0.088381    -0.283632     -0.954851                      NaN         NaN     -0.0955           
972275.811      535892.8032    -40.273     65.178    -0.093742    -0.272045     -0.957708                      NaN         NaN     -0.0958           
972276.811      538612.3357    -39.397     64.507    -0.099036    -0.260526     -0.960374                      NaN         NaN     -0.0960           
972277.811      541419.3926    -38.571     63.838    -0.104262    -0.249079     -0.962855                      NaN         NaN     -0.0963           
972278.811      544312.6182    -37.791     63.172    -0.109419    -0.237710     -0.965154                      NaN         NaN     -0.0965           
972279.811      547290.6415    -37.054     62.508    -0.114506    -0.226424     -0.967275                      NaN         NaN     -0.0967           
972280.811      550352.0811    -36.357     61.847    -0.119521    -0.215225     -0.969223                      NaN         NaN     -0.0969           
972281.811      553495.5481    -35.697     61.190    -0.124465    -0.204116     -0.971002                      NaN         NaN     -0.0971           
972282.811      556719.6515    -35.070     60.538    -0.129336    -0.193103     -0.972617                      NaN         NaN     -0.0973           
972283.811      560022.9871    -34.475     59.889    -0.134134    -0.182188     -0.974072                      NaN         NaN     -0.0974           
972284.811      563404.1594    -33.909     59.246    -0.138859    -0.171375     -0.975371                      NaN         NaN     -0.0975           
972285.811      566861.7703    -33.371     58.607    -0.143510    -0.160667     -0.976520                      NaN         NaN     -0.0977           
972286.811      570394.4246    -32.858     57.974    -0.148087    -0.150066     -0.977523                      NaN         NaN     -0.0978           
972287.811      574000.7314    -32.368     57.347    -0.152590    -0.139575     -0.978384                      NaN         NaN     -0.0978           
972288.811      577679.3092    -31.901     56.725    -0.157019    -0.129196     -0.979108                      NaN         NaN     -0.0979           
972289.811      581428.7741    -31.455     56.109    -0.161375    -0.118932     -0.979701                      NaN         NaN     -0.0980           
972290.811      585247.7614    -31.028     55.499    -0.165657    -0.108784     -0.980165                      NaN         NaN     -0.0980           
972291.811      589134.9135    -30.619     54.895    -0.169866    -0.098753     -0.980507                      NaN         NaN     -0.0981           
972292.811      593088.8843    -30.228     54.297    -0.174002    -0.088841     -0.980730                      NaN         NaN     -0.0981           
972293.811      597108.3405    -29.852     53.706    -0.178066    -0.079049     -0.980838                      NaN         NaN     -0.0981           
972294.811      601191.9662    -29.492     53.121    -0.182058    -0.069378     -0.980837                      NaN         NaN     -0.0981           
972295.811      605338.4501    -29.146     52.543    -0.185978    -0.059828     -0.980731                      NaN         NaN     -0.0981           
972296.811      609546.5066    -28.813     51.971    -0.189829    -0.050401     -0.980523                      NaN         NaN     -0.0981           
972297.811      613814.8633    -28.493     51.406    -0.193609    -0.041097     -0.980218                      NaN         NaN     -0.0980           
972298.811      618142.2648    -28.185     50.847    -0.197320    -0.031915     -0.979819                      NaN         NaN     -0.0980           
972299.811      622527.4735    -27.889     50.295    -0.200963    -0.022857     -0.979332                      NaN         NaN     -0.0979           
972300.811      626969.2668    -27.603     49.749    -0.204538    -0.013921     -0.978760                      NaN         NaN     -0.0979           
972301.811      631466.4513    -27.327     49.210    -0.208047    -0.005108     -0.978105                      NaN         NaN     -0.0978           
972302.811      636017.8415    -27.061     48.678    -0.211490     0.003583     -0.977374                      NaN         NaN     -0.0977           
972303.811      640622.2761    -26.804     48.152    -0.214869     0.012152     -0.976567                      NaN         NaN     -0.0977           
972304.811      645278.6128    -26.555     47.633    -0.218183     0.020599     -0.975690                      NaN         NaN     -0.0976           
972305.811      649985.7296    -26.315     47.120    -0.221434     0.028926     -0.974746                      NaN         NaN     -0.0975           
972306.811      654742.5247    -26.083     46.614    -0.224624     0.037133     -0.973738                      NaN         NaN     -0.0974           
972307.811      659547.9199    -25.858     46.114    -0.227753     0.045220     -0.972668                      NaN         NaN     -0.0973           
972308.811      664400.8471    -25.641     45.621    -0.230821     0.053190     -0.971541                      NaN         NaN     -0.0972           
972309.811      669300.2687    -25.430     45.134    -0.233831     0.061042     -0.970359                      NaN         NaN     -0.0970           
972310.811      674245.1645    -25.225     44.653    -0.236783     0.068778     -0.969125                      NaN         NaN     -0.0969           
972311.811      679234.5342    -25.027     44.178    -0.239678     0.076399     -0.967842                      NaN         NaN     -0.0968           
972312.811      684267.3981    -24.835     43.710    -0.242518     0.083906     -0.966512                      NaN         NaN     -0.0967           
972313.811      689342.7999    -24.648     43.248    -0.245302     0.091300     -0.965138                      NaN         NaN     -0.0965           
972314.811      694459.7930    -24.467     42.791    -0.248033     0.098583     -0.963723                      NaN         NaN     -0.0964           
972315.811      699617.4611    -24.291     42.341    -0.250711     0.105755     -0.962268                      NaN         NaN     -0.0962           
972316.811      704814.9040    -24.120     41.896    -0.253338     0.112819     -0.960777                      NaN         NaN     -0.0961           
972317.811      710051.2410    -23.953     41.458    -0.255913     0.119776     -0.959251                      NaN         NaN     -0.0959           
972318.811      715325.6109    -23.791     41.025    -0.258439     0.126626     -0.957692                      NaN         NaN     -0.0958           
972319.811      720637.1711    -23.634     40.597    -0.260917     0.133372     -0.956104                      NaN         NaN     -0.0956           
972320.811      725985.1016    -23.480     40.176    -0.263347     0.140014     -0.954487                      NaN         NaN     -0.0954           
972321.811      731368.5901    -23.331     39.760    -0.265730     0.146555     -0.952843                      NaN         NaN     -0.0953           
972322.811      736786.8533    -23.185     39.349    -0.268067     0.152995     -0.951174                      NaN         NaN     -0.0951           
972323.811      742239.1221    -23.044     38.943    -0.270360     0.159337     -0.949483                      NaN         NaN     -0.0949           
972324.811      747724.6451    -22.905     38.543    -0.272608     0.165581     -0.947770                      NaN         NaN     -0.0948           
972325.811      753242.6882    -22.770     38.149    -0.274814     0.171729     -0.946037                      NaN         NaN     -0.0946           
972326.811      758792.5380    -22.639     37.759    -0.276978     0.177783     -0.944286                      NaN         NaN     -0.0944           
972327.811      764373.4871    -22.511     37.374    -0.279101     0.183744     -0.942518                      NaN         NaN     -0.0943           
972328.811      769984.8549    -22.385     36.995    -0.281184     0.189614     -0.940735                      NaN         NaN     -0.0941           
972329.811      775625.9737    -22.263     36.620    -0.283227     0.195394     -0.938938                      NaN         NaN     -0.0939           
972330.811      781296.1865    -22.143     36.250    -0.285232     0.201085     -0.937127                      NaN         NaN     -0.0937           
972331.811      786994.8631    -22.027     35.885    -0.287199     0.206689     -0.935305                      NaN         NaN     -0.0935           
972332.811      792721.3868    -21.913     35.525    -0.289130     0.212208     -0.933473                      NaN         NaN     -0.0933           
972333.811      798475.1407    -21.801     35.169    -0.291024     0.217642     -0.931631                      NaN         NaN     -0.0932           
972334.811      804255.5359    -21.692     34.818    -0.292884     0.222994     -0.929781                      NaN         NaN     -0.0930           
972335.811      810061.9944    -21.585     34.471    -0.294709     0.228264     -0.927924                      NaN         NaN     -0.0928           
972336.811      815893.9518    -21.481     34.128    -0.296501     0.233455     -0.926060                      NaN         NaN     -0.0926           
972337.811      821750.8572    -21.379     33.790    -0.298259     0.238567     -0.924190                      NaN         NaN     -0.0924           
972338.811      827632.1731    -21.279     33.457    -0.299986     0.243602     -0.922316                      NaN         NaN     -0.0922           
972339.811      833537.3782    -21.181     33.127    -0.301681     0.248561     -0.920438                      NaN         NaN     -0.0920           
972340.811      839465.9536    -21.085     32.802    -0.303345     0.253445     -0.918557                      NaN         NaN     -0.0919           
972341.811      845417.4031    -20.991     32.480    -0.304980     0.258257     -0.916674                      NaN         NaN     -0.0917           
972342.811      851391.2387    -20.899     32.163    -0.306585     0.262997     -0.914789                      NaN         NaN     -0.0915           
972343.811      857386.9847    -20.809     31.849    -0.308161     0.267666     -0.912903                      NaN         NaN     -0.0913           
972344.811      863404.1764    -20.721     31.539    -0.309710     0.272266     -0.911016                      NaN         NaN     -0.0911           
972345.811      869442.3639    -20.634     31.234    -0.311231     0.276798     -0.909130                      NaN         NaN     -0.0909           
972346.811      875501.0979    -20.549     30.931    -0.312725     0.281264     -0.907245                      NaN         NaN     -0.0907           
972347.811      881579.9499    -20.466     30.633    -0.314194     0.285663     -0.905361                      NaN         NaN     -0.0905           
972348.811      887678.4985    -20.384     30.338    -0.315636     0.289999     -0.903479                      NaN         NaN     -0.0903           
972349.811      893796.3324    -20.303     30.047    -0.317054     0.294271     -0.901599                      NaN         NaN     -0.0902           
972350.811      899933.0498    -20.225     29.759    -0.318447     0.298481     -0.899722                      NaN         NaN     -0.0900           
972351.811      906088.2625    -20.147     29.474    -0.319817     0.302631     -0.897849                      NaN         NaN     -0.0898           
972352.811      912261.5810    -20.071     29.193    -0.321163     0.306720     -0.895978                      NaN         NaN     -0.0896           
972353.811      918452.6352    -19.997     28.916    -0.322486     0.310751     -0.894112                      NaN         NaN     -0.0894           
972354.811      924661.0607    -19.924     28.641    -0.323787     0.314724     -0.892250                      NaN         NaN     -0.0892           
972355.811      930886.5015    -19.852     28.370    -0.325066     0.318641     -0.890393                      NaN         NaN     -0.0890           
972356.811      937128.6103    -19.781     28.102    -0.326324     0.322503     -0.888541                      NaN         NaN     -0.0889           
972357.811      943387.0479    -19.711     27.837    -0.327561     0.326310     -0.886694                      NaN         NaN     -0.0887           
972358.811      949661.4864    -19.643     27.575    -0.328778     0.330063     -0.884852                      NaN         NaN     -0.0885           
972359.811      955951.5956    -19.576     27.316    -0.329975     0.333764     -0.883017                      NaN         NaN     -0.0883           
972360.811      962257.0591    -19.510     27.060    -0.331152     0.337413     -0.881187                      NaN         NaN     -0.0881           
972361.811      968577.5768    -19.445     26.806    -0.332310     0.341012     -0.879364                      NaN         NaN     -0.0879           
972362.811      974912.8435    -19.381     26.556    -0.333450     0.344562     -0.877547                      NaN         NaN     -0.0878           
972363.811      981262.5649    -19.318     26.309    -0.334571     0.348062     -0.875737                      NaN         NaN     -0.0876           
972364.811      987626.4573    -19.256     26.064    -0.335675     0.351515     -0.873933                      NaN         NaN     -0.0874           
972365.811      994004.2333    -19.196     25.822    -0.336761     0.354921     -0.872137                      NaN         NaN     -0.0872           
972366.811     1000395.6222    -19.136     25.582    -0.337831     0.358281     -0.870348                      NaN         NaN     -0.0870           
972367.811     1006800.3563    -19.077     25.345    -0.338883     0.361595     -0.868566                      NaN         NaN     -0.0869           
972368.811     1013218.1739    -19.019     25.111    -0.339920     0.364865     -0.866792                      NaN         NaN     -0.0867           
