634675.304     1066016.6579      5.348     22.878     0.238545     0.964243     -0.115461                  -0.0482         NaN         NaN           
634676.304     1059469.7069      5.295     23.091     0.237765     0.964229     -0.117174                  -0.0482         NaN         NaN           
634677.304     1052933.8544      5.240     23.305     0.236973     0.964210     -0.118927                  -0.0482         NaN         NaN           
634678.304     1046409.3160      5.185     23.522     0.236170     0.964184     -0.120721                  -0.0482         NaN         NaN           
634679.304     1039896.3133      5.129     23.741     0.235356     0.964151     -0.122556                  -0.0482         NaN         NaN           
634680.304     1033395.0777      5.072     23.963     0.234531     0.964112     -0.124432                  -0.0482         NaN         NaN           
634681.304     1026905.8387      5.014     24.187     0.233693     0.964066     -0.126351                  -0.0482         NaN         NaN           
634682.304     1020428.8312      4.955     24.413     0.232843     0.964012     -0.128313                  -0.0482         NaN         NaN           
634683.304     1013964.2973      4.895     24.642     0.231981     0.963951     -0.130319                  -0.0482         NaN         NaN           
634684.304     1007512.4893      4.834     24.873     0.231107     0.963882     -0.132370                  -0.0482         NaN         NaN           
634685.304     1001073.6563      4.772     25.107     0.230219     0.963804     -0.134466                  -0.0482         NaN         NaN           
634686.304      994648.0635      4.709     25.343     0.229318     0.963718     -0.136607                  -0.0482         NaN         NaN           
634687.304      988235.9777      4.645     25.582     0.228404     0.963622     -0.138796                  -0.0482         NaN         NaN           
634688.304      981837.6725      4.579     25.824     0.227477     0.963517     -0.141032                  -0.0482         NaN         NaN           
634689.304      975453.4266      4.513     26.068     0.226535     0.963401     -0.143316                  -0.0482         NaN         NaN           
634690.304      969083.5286      4.445     26.315     0.225579     0.963276     -0.145650                  -0.0482         NaN         NaN           
634691.304      962728.2710      4.376     26.565     0.224609     0.963139     -0.148033                  -0.0482         NaN         NaN           
634692.304      956387.9542      4.305     26.818     0.223623     0.962991     -0.150467                  -0.0481         NaN         NaN           
634693.304      950062.8860      4.234     27.073     0.222623     0.962832     -0.152952                  -0.0481         NaN         NaN           
634694.304      943753.3817      4.161     27.332     0.221607     0.962659     -0.155490                  -0.0481         NaN         NaN           
634695.304      937459.7640      4.086     27.593     0.220576     0.962474     -0.158081                  -0.0481         NaN         NaN           
634696.304      931182.3627      4.010     27.858     0.219528     0.962276     -0.160725                  -0.0481         NaN         NaN           
634697.304      924921.5185      3.933     28.126     0.218463     0.962063     -0.163425                  -0.0481         NaN         NaN           
634698.304      918677.5774      3.854     28.397     0.217382     0.961836     -0.166180                  -0.0481         NaN         NaN           
634699.304      912450.8950      3.774     28.671     0.216284     0.961594     -0.168992                  -0.0481         NaN         NaN           
634700.304      906241.8356      3.692     28.948     0.215168     0.961336     -0.171861                  -0.0481         NaN         NaN           
634701.304      900050.7723      3.608     29.229     0.214035     0.961061     -0.174789                  -0.0481         NaN         NaN           
634702.304      893878.0868      3.523     29.513     0.212883     0.960769     -0.177776                  -0.0480         NaN         NaN           
634703.304      887724.1724      3.436     29.800     0.211712     0.960459     -0.180823                  -0.0480         NaN         NaN           
634704.304      881589.4300      3.348     30.091     0.210522     0.960130     -0.183932                  -0.0480         NaN         NaN           
634705.304      875474.2709      3.257     30.386     0.209313     0.959782     -0.187103                  -0.0480         NaN         NaN           
634706.304      869379.1167      3.164     30.684     0.208084     0.959413     -0.190336                  -0.0480         NaN         NaN           
634707.304      863304.3996      3.070     30.986     0.206834     0.959023     -0.193634                  -0.0480         NaN         NaN           
634708.304      857250.5617      2.974     31.291     0.205564     0.958611     -0.196997                  -0.0479         NaN         NaN           
634709.304      851218.0581      2.875     31.601     0.204272     0.958176     -0.200427                  -0.0479         NaN         NaN           
634710.304      845207.3575      2.775     31.914     0.202959     0.957718     -0.203923                  -0.0479         NaN         NaN           
634711.304      839218.9334      2.672     32.231     0.201624     0.957234     -0.207487                  -0.0479         NaN         NaN           
634712.304      833253.2704      2.567     32.552     0.200266     0.956724     -0.211121                  -0.0478         NaN         NaN           
634713.304      827310.8695      2.459     32.877     0.198885     0.956188     -0.214824                  -0.0478         NaN         NaN           
634714.304      821392.2464      2.349     33.207     0.197480     0.955623     -0.218599                  -0.0478         NaN         NaN           
634715.304      815497.9264      2.237     33.540     0.196051     0.955030     -0.222446                  -0.0478         NaN         NaN           
634716.304      809628.4494      2.122     33.878     0.194598     0.954406     -0.226366                  -0.0477         NaN         NaN           
634717.304      803784.3674      2.005     34.220     0.193119     0.953750     -0.230361                  -0.0477         NaN         NaN           
634718.304      797966.2463      1.884     34.567     0.191615     0.953061     -0.234431                  -0.0477         NaN         NaN           
634719.304      792174.6663      1.761     34.917     0.190085     0.952339     -0.238577                  -0.0476         NaN         NaN           
634720.304      786410.2216      1.635     35.273     0.188527     0.951581     -0.242800                  -0.0476         NaN         NaN           
634721.304      780673.5213      1.505     35.633     0.186943     0.950785     -0.247102                  -0.0475         NaN         NaN           
634722.304      774965.1899      1.373     35.998     0.185330     0.949952     -0.251484                  -0.0475         NaN         NaN           
634723.304      769285.8666      1.237     36.367     0.183689     0.949079     -0.255946                  -0.0475         NaN         NaN           
634724.304      763636.2065      1.098     36.742     0.182019     0.948164     -0.260489                  -0.0474         NaN         NaN           
634725.304      758016.8807      0.956     37.121     0.180319     0.947206     -0.265115                  -0.0474         NaN         NaN           
634726.304      752428.5767      0.809     37.505     0.178589     0.946203     -0.269825                  -0.0473         NaN         NaN           
634727.304      746871.9986      0.659     37.895     0.176828     0.945154     -0.274619                  -0.0473         NaN         NaN           
634728.304      741347.8677      0.505     38.289     0.175036     0.944057     -0.279498                  -0.0472         NaN         NaN           
634729.304      735856.9224      0.347     38.689     0.173211     0.942909     -0.284464                  -0.0471         NaN         NaN           
634730.304      730399.9187      0.185     39.094     0.171353     0.941710     -0.289517                  -0.0471         NaN         NaN           
634731.304      724977.6309      0.018     39.504     0.169462     0.940457     -0.294659                  -0.0470         NaN         NaN           
634732.304      719590.8512     -0.154     39.920     0.167537     0.939147     -0.299889                  -0.0470         NaN         NaN           
634733.304      714240.3906     -0.330     40.341     0.165577     0.937780     -0.305210                  -0.0469         NaN         NaN           
634734.304      708927.0792     -0.511     40.768     0.163582     0.936352     -0.310621                  -0.0468         NaN         NaN           
634735.304      703651.7657     -0.697     41.200     0.161550     0.934862     -0.316124                  -0.0467         NaN         NaN           
634736.304      698415.3186     -0.889     41.638     0.159482     0.933307     -0.321719                  -0.0467         NaN         NaN           
634737.304      693218.6262     -1.087     42.082     0.157376     0.931685     -0.327406                  -0.0466         NaN         NaN           
634738.304      688062.5965     -1.290     42.531     0.155233     0.929994     -0.333188                  -0.0465         NaN         NaN           
634739.304      682948.1579     -1.500     42.987     0.153050     0.928231     -0.339063                  -0.0464         NaN         NaN           
634740.304      677876.2627     -1.716     43.448     0.150828     0.926393     -0.345033                  -0.0463         NaN         NaN           
634741.304      672847.8725     -1.938     43.916     0.148565     0.924477     -0.351098                  -0.0462         NaN         NaN           
634742.304      667863.9811     -2.168     44.389     0.146262     0.922482     -0.357259                  -0.0461         NaN         NaN           
634743.304      662925.5991     -2.405     44.869     0.143918     0.920405     -0.363515                  -0.0460         NaN         NaN           
634744.304      658033.7581     -2.650     45.355     0.141531     0.918241     -0.369867                  -0.0459         NaN         NaN           
634745.304      653189.5109     -2.903     45.847     0.139101     0.915990     -0.376315                  -0.0458         NaN         NaN           
634746.304      648393.9317     -3.164     46.345     0.136628     0.913647     -0.382860                  -0.0457         NaN         NaN           
634747.304      643648.1140     -3.434     46.849     0.134111     0.911210     -0.389500                  -0.0456         NaN         NaN           
634748.304      638953.1740     -3.713     47.360     0.131550     0.908676     -0.396237                  -0.0454         NaN         NaN           
634749.304      634310.2483     -4.003     47.877     0.128943     0.906041     -0.403069                  -0.0453         NaN         NaN           
634750.304      629720.4939     -4.302     48.400     0.126290     0.903302     -0.409996                  -0.0452         NaN         NaN           
634751.304      625185.0885     -4.613     48.930     0.123591     0.900456     -0.417018                  -0.0450         NaN         NaN           
634752.304      620705.2302     -4.934     49.466     0.120845     0.897500     -0.424134                  -0.0449         NaN         NaN           
634753.304      616282.1376     -5.268     50.008     0.118051     0.894431     -0.431343                  -0.0447         NaN         NaN           
634754.304      611917.0463     -5.615     50.556     0.115210     0.891245     -0.438645                  -0.0446         NaN         NaN           
634755.304      607611.2137     -5.974     51.111     0.112320     0.887938     -0.446038                  -0.0444         NaN         NaN           
634756.304      603365.9146     -6.348     51.672     0.109382     0.884508     -0.453521                  -0.0442         NaN         NaN           
634757.304      599182.4419     -6.737     52.239     0.106394     0.880950     -0.461093                  -0.0440         NaN         NaN           
634758.304      595062.1057     -7.142     52.813     0.103357     0.877262     -0.468752                  -0.0439         NaN         NaN           
634759.304      591006.2339     -7.563     53.392     0.100271     0.873440     -0.476496                  -0.0437         NaN         NaN           
634760.304      587016.1662     -8.002     53.977     0.097135     0.869480     -0.484323                  -0.0435         NaN         NaN           
634809.507      499470.7246   -101.887     74.444    -0.100977     0.469164     -0.877319                      NaN         NaN     -0.0877           
634810.507      500306.4256   -104.807     74.068    -0.105053     0.457582     -0.882940                      NaN         NaN     -0.0883           
634811.507      501250.7942   -107.580     73.655    -0.109086     0.445961     -0.888380                      NaN         NaN     -0.0888           
634812.507      502303.2169   -110.204     73.209    -0.113075     0.434307     -0.893640                      NaN         NaN     -0.0894           
634813.507      503463.0157   -112.681     72.734    -0.117018     0.422628     -0.898717                      NaN         NaN     -0.0899           
634814.507      504729.4499   -115.014     72.232    -0.120912     0.410934     -0.903611                      NaN         NaN     -0.0904           
634815.507      506101.7222   -117.209     71.706    -0.124755     0.399232     -0.908323                      NaN         NaN     -0.0908           
634816.507      507578.9651   -119.270     71.159    -0.128546     0.387531     -0.912850                      NaN         NaN     -0.0913           
634817.507      509160.2679   -121.207     70.595    -0.132282     0.375838     -0.917195                      NaN         NaN     -0.0917           
634818.507      510844.6633   -123.024     70.014    -0.135964     0.364161     -0.921358                      NaN         NaN     -0.0921           
634819.507      512631.1336   -124.730     69.419    -0.139588     0.352508     -0.925340                      NaN         NaN     -0.0925           
634820.507      514518.6142   -126.331     68.813    -0.143154     0.340886     -0.929141                      NaN         NaN     -0.0929           
634821.507      516506.0006   -127.836     68.197    -0.146660     0.329303     -0.932765                      NaN         NaN     -0.0933           
634822.507      518592.1337   -129.249     67.572    -0.150106     0.317765     -0.936212                      NaN         NaN     -0.0936           
634823.507      520775.8293   -130.579     66.941    -0.153491     0.306279     -0.939486                      NaN         NaN     -0.0939           
634824.507      523055.8636   -131.830     66.304    -0.156814     0.294851     -0.942588                      NaN         NaN     -0.0943           
634825.507      525430.9803   -133.008     65.664    -0.160074     0.283489     -0.945521                      NaN         NaN     -0.0946           
634826.507      527899.8939   -134.119     65.020    -0.163270     0.272198     -0.948289                      NaN         NaN     -0.0948           
634827.507      530461.2924   -135.168     64.374    -0.166403     0.260983     -0.950893                      NaN         NaN     -0.0951           
634828.507      533113.8449   -136.158     63.727    -0.169472     0.249850     -0.953339                      NaN         NaN     -0.0953           
634829.507      535856.1859   -137.094     63.079    -0.172477     0.238803     -0.955628                      NaN         NaN     -0.0956           
634830.507      538686.9448   -137.980     62.432    -0.175418     0.227849     -0.957765                      NaN         NaN     -0.0958           
634831.507      541604.7350   -138.820     61.787    -0.178294     0.216991     -0.959753                      NaN         NaN     -0.0960           
634832.507      544608.1534   -139.616     61.143    -0.181106     0.206234     -0.961597                      NaN         NaN     -0.0962           
634833.507      547695.7884   -140.372     60.501    -0.183855     0.195581     -0.963299                      NaN         NaN     -0.0963           
634834.507      550866.2255   -141.090     59.862    -0.186539     0.185036     -0.964865                      NaN         NaN     -0.0965           
634835.507      554118.0306   -141.773     59.226    -0.189161     0.174603     -0.966298                      NaN         NaN     -0.0966           
634836.507      557449.7813   -142.423     58.594    -0.191719     0.164284     -0.967602                      NaN         NaN     -0.0968           
634837.507      560860.0492   -143.043     57.967    -0.194215     0.154083     -0.968782                      NaN         NaN     -0.0969           
634838.507      564347.4075   -143.634     57.343    -0.196650     0.144001     -0.969841                      NaN         NaN     -0.0970           
634839.507      567910.4322   -144.197     56.724    -0.199023     0.134042     -0.970785                      NaN         NaN     -0.0971           
634840.507      571547.7095   -144.736     56.110    -0.201336     0.124206     -0.971615                      NaN         NaN     -0.0972           
634841.507      575257.8173   -145.251     55.501    -0.203590     0.114497     -0.972338                      NaN         NaN     -0.0972           
634842.507      579039.3565   -145.744     54.898    -0.205784     0.104914     -0.972957                      NaN         NaN     -0.0973           
634843.507      582890.9328   -146.217     54.300    -0.207920     0.095461     -0.973476                      NaN         NaN     -0.0973           
634844.507      586811.1629   -146.669     53.708    -0.210000     0.086137     -0.973900                      NaN         NaN     -0.0974           
634845.507      590798.6761   -147.103     53.121    -0.212022     0.076944     -0.974231                      NaN         NaN     -0.0974           
634846.507      594852.1148   -147.520     52.541    -0.213990     0.067882     -0.974474                      NaN         NaN     -0.0974           
634847.507      598970.1412   -147.920     51.966    -0.215903     0.058952     -0.974634                      NaN         NaN     -0.0975           
634848.507      603151.4181   -148.305     51.398    -0.217763     0.050154     -0.974712                      NaN         NaN     -0.0975           
634849.507      607394.6395   -148.674     50.836    -0.219570     0.041488     -0.974714                      NaN         NaN     -0.0975           
634850.507      611698.5116   -149.030     50.280    -0.221326     0.032955     -0.974643                      NaN         NaN     -0.0975           
634851.507      616061.7586   -149.373     49.730    -0.223031     0.024553     -0.974502                      NaN         NaN     -0.0975           
634852.507      620483.1230   -149.704     49.187    -0.224687     0.016283     -0.974295                      NaN         NaN     -0.0974           
634853.507      624961.3715   -150.022     48.650    -0.226294     0.008145     -0.974025                      NaN         NaN     -0.0974           
634854.507      629495.2751   -150.330     48.120    -0.227854     0.000137     -0.973695                      NaN         NaN     -0.0974           
634855.507      634083.6398   -150.627     47.595    -0.229368    -0.007741     -0.973309                      NaN         NaN     -0.0973           
634856.507      638725.2869   -150.913     47.077    -0.230837    -0.015490     -0.972869                      NaN         NaN     -0.0973           
634857.507      643419.0579   -151.190     46.566    -0.232261    -0.023110     -0.972379                      NaN         NaN     -0.0972           
634858.507      648163.8151   -151.458     46.061    -0.233642    -0.030604     -0.971841                      NaN         NaN     -0.0972           
634859.507      652958.4469   -151.717     45.562    -0.234981    -0.037970     -0.971258                      NaN         NaN     -0.0971           
634860.507      657801.8448   -151.968     45.069    -0.236278    -0.045212     -0.970633                      NaN         NaN     -0.0971           
634861.507      662692.9437   -152.210     44.582    -0.237535    -0.052330     -0.969968                      NaN         NaN     -0.0970           
634862.507      667630.6874   -152.445     44.102    -0.238753    -0.059326     -0.969266                      NaN         NaN     -0.0969           
634863.507      672614.0430   -152.673     43.628    -0.239933    -0.066200     -0.968530                      NaN         NaN     -0.0969           
634864.507      677641.9985   -152.894     43.159    -0.241076    -0.072954     -0.967760                      NaN         NaN     -0.0968           
634865.507      682713.5678   -153.109     42.697    -0.242182    -0.079589     -0.966961                      NaN         NaN     -0.0967           
634866.507      687827.7705   -153.317     42.241    -0.243253    -0.086108     -0.966133                      NaN         NaN     -0.0966           
634867.507      692983.6617   -153.519     41.791    -0.244289    -0.092511     -0.965280                      NaN         NaN     -0.0965           
634868.507      698180.3120   -153.715     41.346    -0.245291    -0.098800     -0.964402                      NaN         NaN     -0.0964           
634869.507      703416.8119   -153.905     40.908    -0.246261    -0.104977     -0.963502                      NaN         NaN     -0.0964           
634870.507      708692.2722   -154.090     40.475    -0.247199    -0.111043     -0.962581                      NaN         NaN     -0.0963           
634871.507      714005.8231   -154.271     40.047    -0.248106    -0.117000     -0.961642                      NaN         NaN     -0.0962           
634872.507      719356.6195   -154.446     39.626    -0.248983    -0.122848     -0.960685                      NaN         NaN     -0.0961           
634873.507      724743.8204   -154.616     39.209    -0.249830    -0.128591     -0.959713                      NaN         NaN     -0.0960           
634874.507      730166.6186   -154.782     38.798    -0.250649    -0.134230     -0.958727                      NaN         NaN     -0.0959           
634875.507      735624.2205   -154.943     38.393    -0.251440    -0.139766     -0.957728                      NaN         NaN     -0.0958           
634876.507      741115.8510   -155.101     37.993    -0.252204    -0.145200     -0.956718                      NaN         NaN     -0.0957           
634877.507      746640.7529   -155.254     37.598    -0.252942    -0.150535     -0.955698                      NaN         NaN     -0.0956           
634878.507      752198.1915   -155.403     37.208    -0.253654    -0.155772     -0.954670                      NaN         NaN     -0.0955           
634879.507      757787.4347   -155.549     36.823    -0.254341    -0.160913     -0.953634                      NaN         NaN     -0.0954           
634880.507      763407.7822   -155.691     36.443    -0.255005    -0.165959     -0.952591                      NaN         NaN     -0.0953           
634881.507      769058.5456   -155.829     36.068    -0.255644    -0.170912     -0.951544                      NaN         NaN     -0.0952           
634882.507      774739.0527   -155.964     35.698    -0.256261    -0.175774     -0.950491                      NaN         NaN     -0.0950           
634883.507      780448.6473   -156.096     35.333    -0.256856    -0.180545     -0.949436                      NaN         NaN     -0.0949           
634884.507      786186.6942   -156.225     34.972    -0.257429    -0.185229     -0.948378                      NaN         NaN     -0.0948           
634885.507      791952.5581   -156.351     34.616    -0.257981    -0.189825     -0.947318                      NaN         NaN     -0.0947           
634886.507      797745.6341   -156.474     34.265    -0.258513    -0.194337     -0.946258                      NaN         NaN     -0.0946           
634887.507      803565.3268   -156.593     33.918    -0.259025    -0.198764     -0.945198                      NaN         NaN     -0.0945           
634888.507      809411.0553   -156.711     33.575    -0.259518    -0.203110     -0.944138                      NaN         NaN     -0.0944           
634889.507      815282.2526   -156.825     33.237    -0.259992    -0.207375     -0.943080                      NaN         NaN     -0.0943           
634890.507      821178.3626   -156.937     32.903    -0.260448    -0.211560     -0.942024                      NaN         NaN     -0.0942           
634891.507      827098.8563   -157.047     32.574    -0.260886    -0.215668     -0.940971                      NaN         NaN     -0.0941           
634892.507      833043.1941   -157.154     32.248    -0.261307    -0.219699     -0.939921                      NaN         NaN     -0.0940           
634893.507      839010.8670   -157.259     31.926    -0.261712    -0.223656     -0.938874                      NaN         NaN     -0.0939           
634894.507      845001.3737   -157.362     31.609    -0.262100    -0.227538     -0.937833                      NaN         NaN     -0.0938           
634895.507      851014.2248   -157.462     31.295    -0.262472    -0.231349     -0.936796                      NaN         NaN     -0.0937           
634896.507      857048.9428   -157.560     30.986    -0.262830    -0.235089     -0.935764                      NaN         NaN     -0.0936           
634897.507      863105.0670   -157.657     30.680    -0.263172    -0.238759     -0.934738                      NaN         NaN     -0.0935           
634898.507      869182.1329   -157.751     30.377    -0.263500    -0.242361     -0.933718                      NaN         NaN     -0.0934           
634899.507      875279.7019   -157.843     30.079    -0.263814    -0.245896     -0.932704                      NaN         NaN     -0.0933           
634900.507      881397.3412   -157.934     29.784    -0.264114    -0.249365     -0.931698                      NaN         NaN     -0.0932           
634901.507      887534.6286   -158.022     29.493    -0.264402    -0.252770     -0.930698                      NaN         NaN     -0.0931           
634902.507      893691.1520   -158.109     29.205    -0.264676    -0.256112     -0.929706                      NaN         NaN     -0.0930           
634903.507      899866.5140   -158.195     28.921    -0.264938    -0.259391     -0.928722                      NaN         NaN     -0.0929           
634904.507      906060.3125   -158.278     28.640    -0.265187    -0.262610     -0.927746                      NaN         NaN     -0.0928           
634905.507      912272.1693   -158.360     28.362    -0.265425    -0.265769     -0.926778                      NaN         NaN     -0.0927           
634906.507      918501.7106   -158.440     28.087    -0.265651    -0.268869     -0.925818                      NaN         NaN     -0.0926           
634907.507      924748.5717   -158.519     27.816    -0.265866    -0.271912     -0.924867                      NaN         NaN     -0.0925           
634908.507      931012.3963   -158.597     27.548    -0.266070    -0.274898     -0.923925                      NaN         NaN     -0.0924           
634909.507      937292.8418   -158.673     27.283    -0.266264    -0.277829     -0.922992                      NaN         NaN     -0.0923           
634910.507      943589.5592   -158.747     27.021    -0.266448    -0.280706     -0.922068                      NaN         NaN     -0.0922           
634911.507      949902.2220   -158.820     26.763    -0.266621    -0.283530     -0.921154                      NaN         NaN     -0.0921           
634912.507      956230.5070   -158.892     26.507    -0.266785    -0.286301     -0.920249                      NaN         NaN     -0.0920           
634913.507      962574.0983   -158.963     26.254    -0.266939    -0.289021     -0.919353                      NaN         NaN     -0.0919           
634914.507      968932.6878   -159.032     26.003    -0.267085    -0.291691     -0.918467                      NaN         NaN     -0.0918           
634915.507      975305.9745   -159.100     25.756    -0.267221    -0.294311     -0.917591                      NaN         NaN     -0.0918           
634916.507      981693.6694   -159.167     25.511    -0.267349    -0.296883     -0.916725                      NaN         NaN     -0.0917           
634917.507      988095.4756   -159.233     25.270    -0.267468    -0.299407     -0.915869                      NaN         NaN     -0.0916           
634918.507      994511.1178   -159.297     25.030    -0.267579    -0.301885     -0.915023                      NaN         NaN     -0.0915           
634919.507     1000940.3222   -159.360     24.794    -0.267682    -0.304317     -0.914187                      NaN         NaN     -0.0914           
634920.507     1007382.8183   -159.423     24.560    -0.267777    -0.306704     -0.913361                      NaN         NaN     -0.0913           
634921.507     1013838.3511   -159.484     24.328    -0.267865    -0.309047     -0.912545                      NaN         NaN     -0.0913           
634922.507     1020306.6670   -159.544     24.099    -0.267946    -0.311346     -0.911739                      NaN         NaN     -0.0912           
634923.507     1026787.5073   -159.604     23.873    -0.268019    -0.313604     -0.910944                      NaN         NaN     -0.0911           
634924.507     1033280.6331   -159.662     23.649    -0.268085    -0.315819     -0.910159                      NaN         NaN     -0.0910           
634925.507     1039785.8065   -159.719     23.427    -0.268145    -0.317994     -0.909383                      NaN         NaN     -0.0909           
634926.507     1046302.7948   -159.776     23.207    -0.268198    -0.320129     -0.908619                      NaN         NaN     -0.0909           
634927.507     1052831.3708   -159.831     22.990    -0.268245    -0.322224     -0.907864                      NaN         NaN     -0.0908           
634928.507     1059371.3172   -159.886     22.775    -0.268285    -0.324280     -0.907119                      NaN         NaN     -0.0907           
634929.507     1065922.4072   -159.939     22.563    -0.268319    -0.326299     -0.906385                      NaN         NaN     -0.0906           
634930.507     1072484.4335   -159.992     22.352    -0.268348    -0.328280     -0.905661                      NaN         NaN     -0.0906           
634931.507     1079057.1886   -160.044     22.144    -0.268371    -0.330225     -0.904947                      NaN         NaN     -0.0905           
634932.507     1085640.4696   -160.096     21.938    -0.268388    -0.332134     -0.904243                      NaN         NaN     -0.0904           
634933.507     1092234.0783   -160.146     21.734    -0.268400    -0.334008     -0.903549                      NaN         NaN     -0.0904           
634934.507     1098837.8255   -160.196     21.532    -0.268406    -0.335847     -0.902865                      NaN         NaN     -0.0903           
634935.507     1105451.5120   -160.245     21.332    -0.268407    -0.337652     -0.902191                      NaN         NaN     -0.0902           
634936.507     1112074.9572   -160.293     21.134    -0.268404    -0.339423     -0.901527                      NaN         NaN     -0.0902           
634937.507     1118707.9797   -160.340     20.937    -0.268395    -0.341162     -0.900873                      NaN         NaN     -0.0901           
634938.507     1125350.4021   -160.387     20.743    -0.268382    -0.342869     -0.900229                      NaN         NaN     -0.0900           
634939.507     1132002.0508   -160.433     20.551    -0.268364    -0.344544     -0.899595                      NaN         NaN     -0.0900           
634940.507     1138662.7562   -160.478     20.360    -0.268341    -0.346188     -0.898970                      NaN         NaN     -0.0899           
634941.507     1145332.3567   -160.523     20.172    -0.268314    -0.347802     -0.898355                      NaN         NaN     -0.0898           
634942.507     1152010.6805   -160.567     19.985    -0.268283    -0.349385     -0.897749                      NaN         NaN     -0.0898           

847665.186      791858.7672    161.704     34.821     0.060640     0.442533     -0.894700                      NaN         NaN     -0.0895           
847666.186      786037.0733    161.638     35.183     0.058188     0.437510     -0.897329                      NaN         NaN     -0.0897           
847667.186      780242.2761    161.570     35.549     0.055699     0.432400     -0.899960                      NaN         NaN     -0.0900           
847668.186      774474.9824    161.500     35.921     0.053173     0.427203     -0.902591                      NaN         NaN     -0.0903           
847669.186      768735.8259    161.428     36.297     0.050608     0.421915     -0.905222                      NaN         NaN     -0.0905           
847670.186      763025.4446    161.355     36.679     0.048004     0.416535     -0.907851                      NaN         NaN     -0.0908           
847671.186      757344.4960    161.280     37.066     0.045361     0.411061     -0.910478                      NaN         NaN     -0.0910           
847672.186      751693.6542    161.202     37.458     0.042678     0.405492     -0.913102                      NaN         NaN     -0.0913           
847673.186      746073.6101    161.123     37.856     0.039953     0.399826     -0.915720                      NaN         NaN     -0.0916           
847674.186      740485.0677    161.042     38.259     0.037188     0.394060     -0.918332                      NaN         NaN     -0.0918           
847675.186      734928.7600    160.958     38.667     0.034381     0.388192     -0.920937                      NaN         NaN     -0.0921           
847676.186      729405.4264    160.872     39.082     0.031531     0.382222     -0.923532                      NaN         NaN     -0.0924           
847677.186      723915.8282    160.784     39.502     0.028637     0.376146     -0.926118                      NaN         NaN     -0.0926           
847678.186      718460.7451    160.693     39.928     0.025700     0.369964     -0.928691                      NaN         NaN     -0.0929           
847679.186      713040.9757    160.599     40.359     0.022719     0.363672     -0.931250                      NaN         NaN     -0.0931           
847680.186      707657.3384    160.503     40.797     0.019692     0.357269     -0.933794                      NaN         NaN     -0.0934           
847681.186      702310.6733    160.404     41.241     0.016620     0.350753     -0.936320                      NaN         NaN     -0.0936           
847682.186      697001.8335    160.302     41.691     0.013502     0.344122     -0.938828                      NaN         NaN     -0.0939           
847683.186      691731.6930    160.197     42.147     0.010337     0.337374     -0.941314                      NaN         NaN     -0.0941           
847684.186      686501.1530    160.089     42.610     0.007124     0.330507     -0.943777                      NaN         NaN     -0.0944           
847685.186      681311.1316    159.977     43.079     0.003864     0.323519     -0.946214                      NaN         NaN     -0.0946           
847686.186      676162.5679    159.862     43.555     0.000555     0.316408     -0.948623                      NaN         NaN     -0.0949           
847687.186      671056.4185    159.743     44.037    -0.002802     0.309172     -0.951002                      NaN         NaN     -0.0951           
847688.186      665993.6723    159.620     44.527    -0.006209     0.301809     -0.953348                      NaN         NaN     -0.0953           
847689.186      660975.3287    159.493     45.023    -0.009666     0.294317     -0.955659                      NaN         NaN     -0.0956           
847690.186      656002.4127    159.361     45.525    -0.013173     0.286695     -0.957931                      NaN         NaN     -0.0958           
847691.186      651075.9710    159.226     46.035    -0.016730     0.278940     -0.960163                      NaN         NaN     -0.0960           
847692.186      646197.0720    159.085     46.552    -0.020339     0.271051     -0.962350                      NaN         NaN     -0.0962           
847693.186      641366.8027    158.940     47.076    -0.023998     0.263025     -0.964490                      NaN         NaN     -0.0964           
847694.186      636586.2832    158.789     47.608    -0.027710     0.254862     -0.966580                      NaN         NaN     -0.0967           
847695.186      631856.6443    158.633     48.146    -0.031473     0.246559     -0.968617                      NaN         NaN     -0.0969           
847696.186      627179.0425    158.471     48.692    -0.035288     0.238115     -0.970596                      NaN         NaN     -0.0971           
847697.186      622554.6561    158.303     49.245    -0.039155     0.229528     -0.972514                      NaN         NaN     -0.0973           
847698.186      617984.6850    158.128     49.806    -0.043075     0.220797     -0.974368                      NaN         NaN     -0.0974           
847699.186      613470.3469    157.947     50.375    -0.047046     0.211921     -0.976154                      NaN         NaN     -0.0976           
847700.186      609012.8913    157.758     50.951    -0.051070     0.202899     -0.977867                      NaN         NaN     -0.0978           
847701.186      604613.5777    157.562     51.534    -0.055146     0.193729     -0.979504                      NaN         NaN     -0.0980           
847702.186      600273.6894    157.357     52.125    -0.059275     0.184410     -0.981060                      NaN         NaN     -0.0981           
847703.186      595994.5293    157.144     52.724    -0.063454     0.174941     -0.982532                      NaN         NaN     -0.0983           
847704.186      591777.4197    156.922     53.331    -0.067686     0.165323     -0.983914                      NaN         NaN     -0.0984           
847705.186      587623.7011    156.689     53.946    -0.071968     0.155554     -0.985202                      NaN         NaN     -0.0985           
847706.186      583534.7285    156.447     54.568    -0.076301     0.145633     -0.986392                      NaN         NaN     -0.0986           
847707.186      579511.8838    156.193     55.198    -0.080683     0.135561     -0.987478                      NaN         NaN     -0.0987           
847708.186      575556.5545    155.927     55.835    -0.085115     0.125338     -0.988456                      NaN         NaN     -0.0988           
847709.186      571670.1465    155.648     56.480    -0.089596     0.114964     -0.989321                      NaN         NaN     -0.0989           
847710.186      567854.0820    155.356     57.133    -0.094124     0.104438     -0.990067                      NaN         NaN     -0.0990           
847711.186      564109.7887    155.049     57.794    -0.098699     0.093763     -0.990690                      NaN         NaN     -0.0991           
847712.186      560438.7047    154.726     58.462    -0.103320     0.082938     -0.991184                      NaN         NaN     -0.0991           
847713.186      556842.2907    154.386     59.137    -0.107985     0.071966     -0.991544                      NaN         NaN     -0.0992           
847714.186      553322.0033    154.027     59.820    -0.112693     0.060846     -0.991765                      NaN         NaN     -0.0992           
847715.186      549879.3082    153.648     60.510    -0.117443     0.049581     -0.991841                      NaN         NaN     -0.0992           
847716.186      546515.6755    153.248     61.207    -0.122233     0.038174     -0.991767                      NaN         NaN     -0.0992           
847717.186      543232.5772    152.825     61.910    -0.127061     0.026625     -0.991537                      NaN         NaN     -0.0992           
847718.186      540031.4824    152.376     62.621    -0.131926     0.014938     -0.991147                      NaN         NaN     -0.0991           
847719.186      536913.8676    151.899     63.338    -0.136826     0.003115     -0.990590                      NaN         NaN     -0.0991           
847720.186      533881.1952    151.392     64.061    -0.141758    -0.008840     -0.989862                      NaN         NaN     -0.0990           
847721.186      530934.9239    150.851     64.789    -0.146720    -0.020924     -0.988957                      NaN         NaN     -0.0989           
847722.186      528076.5027    150.274     65.524    -0.151711    -0.033133     -0.987869                      NaN         NaN     -0.0988           
847723.186      525307.3685    149.656     66.263    -0.156727    -0.045463     -0.986595                      NaN         NaN     -0.0987           
847724.186      522628.9435    148.994     67.007    -0.161766    -0.057908     -0.985129                      NaN         NaN     -0.0985           
847725.186      520042.6286    148.283     67.756    -0.166825    -0.070466     -0.983465                      NaN         NaN     -0.0983           
847726.186      517549.8134    147.517     68.508    -0.171901    -0.083129     -0.981600                      NaN         NaN     -0.0982           
847727.186      515151.8545    146.690     69.263    -0.176992    -0.095893     -0.979530                      NaN         NaN     -0.0980           
847728.186      512850.0846    145.796     70.020    -0.182095    -0.108751     -0.977249                      NaN         NaN     -0.0977           
847729.186      510645.8067    144.824     70.778    -0.187205    -0.121698     -0.974753                      NaN         NaN     -0.0975           
847730.186      508540.2904    143.768     71.538    -0.192320    -0.134726     -0.972040                      NaN         NaN     -0.0972           
847731.186      506534.7663    142.614     72.296    -0.197436    -0.147829     -0.969106                      NaN         NaN     -0.0969           
847732.186      504630.4340    141.350     73.053    -0.202551    -0.160999     -0.965946                      NaN         NaN     -0.0966           
847733.186      502828.4418    139.962     73.807    -0.207659    -0.174229     -0.962560                      NaN         NaN     -0.0963           
847734.186      501129.8953    138.432     74.555    -0.212758    -0.187512     -0.958944                      NaN         NaN     -0.0959           
847735.186      499535.8510    136.739     75.297    -0.217845    -0.200838     -0.955096                      NaN         NaN     -0.0955           
847736.186      498047.3133    134.860     76.029    -0.222914    -0.214199     -0.951014                      NaN         NaN     -0.0951           
847737.186      496665.2295    132.767     76.749    -0.227962    -0.227588     -0.946698                      NaN         NaN     -0.0947           
847738.186      495390.4966    130.428     77.453    -0.232986    -0.240994     -0.942146                      NaN         NaN     -0.0942           
847739.186      494223.9432    127.806     78.138    -0.237982    -0.254410     -0.937358                      NaN         NaN     -0.0937           
847740.186      493166.3386    124.860     78.799    -0.242945    -0.267825     -0.932334                      NaN         NaN     -0.0932           
847741.186      492218.3842    121.546     79.430    -0.247872    -0.281231     -0.927075                      NaN         NaN     -0.0927           
847742.186      491380.7149    117.814     80.023    -0.252760    -0.294618     -0.921582                      NaN         NaN     -0.0922           
847743.186      490653.8961    113.622     80.571    -0.257603    -0.307977     -0.915855                      NaN         NaN     -0.0916           
847744.186      490038.4190    108.931     81.065    -0.262399    -0.321297     -0.909898                      NaN         NaN     -0.0910           
847745.186      489534.7079    103.722     81.495    -0.267144    -0.334571     -0.903712                      NaN         NaN     -0.0904           
847746.186      489143.1055     98.004     81.848    -0.271834    -0.347788     -0.897301                      NaN         NaN     -0.0897           
847747.186      488863.8809     91.829     82.115    -0.276466    -0.360938     -0.890668                      NaN         NaN     -0.0891           
847748.186      488697.2261     85.299     82.285    -0.281037    -0.374014     -0.883817                      NaN         NaN     -0.0884           
847749.186      488643.2556     78.562     82.353    -0.285542    -0.387004     -0.876752                      NaN         NaN     -0.0877           
847750.186      488702.0040     71.799     82.315    -0.289979    -0.399901     -0.869478                      NaN         NaN     -0.0869           
847830.000      773550.4197     -6.215     36.272    -0.404472    -0.897314     -0.176718                      NaN     -0.0449         NaN           
847831.000      779310.7307     -6.285     35.900    -0.404186    -0.898612     -0.170675                      NaN     -0.0449         NaN           
847832.000      785098.5943     -6.354     35.533    -0.403889    -0.899857     -0.164713                      NaN     -0.0450         NaN           
847833.000      790913.3992     -6.420     35.170    -0.403581    -0.901052     -0.158831                      NaN     -0.0451         NaN           
847834.000      796754.5450     -6.485     34.813    -0.403264    -0.902198     -0.153029                      NaN     -0.0451         NaN           
847835.000      802621.4500     -6.549     34.460    -0.402937    -0.903296     -0.147305                      NaN     -0.0452         NaN           
847836.000      808513.5455     -6.611     34.112    -0.402601    -0.904348     -0.141658                      NaN     -0.0452         NaN           
847837.000      814430.2768     -6.672     33.768    -0.402257    -0.905356     -0.136087                      NaN     -0.0453         NaN           
847838.000      820371.1028     -6.731     33.429    -0.401905    -0.906321     -0.130591                      NaN     -0.0453         NaN           
847839.000      826335.4959     -6.789     33.094    -0.401545    -0.907245     -0.125169                      NaN     -0.0454         NaN           
847840.000      832322.9429     -6.845     32.764    -0.401179    -0.908129     -0.119820                      NaN     -0.0454         NaN           
847841.000      838332.9388     -6.900     32.437    -0.400806    -0.908974     -0.114544                      NaN     -0.0454         NaN           
847842.000      844364.9954     -6.954     32.115    -0.400427    -0.909782     -0.109338                      NaN     -0.0455         NaN           
847843.000      850418.6352     -7.007     31.797    -0.400043    -0.910554     -0.104202                      NaN     -0.0455         NaN           
847844.000      856493.3924     -7.059     31.483    -0.399653    -0.911290     -0.099136                      NaN     -0.0456         NaN           
847845.000      862588.8127     -7.109     31.173    -0.399258    -0.911993     -0.094137                      NaN     -0.0456         NaN           
847846.000      868704.4545     -7.159     30.867    -0.398858    -0.912664     -0.089205                      NaN     -0.0456         NaN           
847847.000      874839.8824     -7.207     30.565    -0.398454    -0.913302     -0.084340                      NaN     -0.0457         NaN           
847848.000      880994.6762     -7.254     30.266    -0.398046    -0.913911     -0.079539                      NaN     -0.0457         NaN           
847849.000      887168.4248     -7.301     29.972    -0.397634    -0.914490     -0.074802                      NaN     -0.0457         NaN           
847850.000      893360.7269     -7.346     29.680    -0.397219    -0.915041     -0.070128                      NaN     -0.0458         NaN           
847851.000      899571.1909     -7.390     29.393    -0.396800    -0.915564     -0.065517                      NaN     -0.0458         NaN           
847852.000      905799.4367     -7.434     29.108    -0.396379    -0.916061     -0.060967                      NaN     -0.0458         NaN           
847853.000      912045.0884     -7.476     28.828    -0.395955    -0.916532     -0.056476                      NaN     -0.0458         NaN           
847854.000      918307.7841     -7.518     28.550    -0.395529    -0.916978     -0.052045                      NaN     -0.0458         NaN           
847855.000      924587.1690     -7.559     28.276    -0.395100    -0.917400     -0.047673                      NaN     -0.0459         NaN           
847856.000      930882.8971     -7.599     28.005    -0.394669    -0.917800     -0.043358                      NaN     -0.0459         NaN           
847857.000      937194.6306     -7.639     27.738    -0.394237    -0.918177     -0.039100                      NaN     -0.0459         NaN           
847858.000      943522.0416     -7.677     27.473    -0.393803    -0.918532     -0.034897                      NaN     -0.0459         NaN           
847859.000      949864.8048     -7.715     27.212    -0.393368    -0.918867     -0.030749                      NaN     -0.0459         NaN           
847860.000      956222.4166     -7.752     26.953    -0.392932    -0.919181     -0.026655                      NaN     -0.0460         NaN           
847861.000      962594.9530     -7.788     26.698    -0.392494    -0.919476     -0.022615                      NaN     -0.0460         NaN           
847862.000      968981.9238     -7.824     26.445    -0.392056    -0.919753     -0.018626                      NaN     -0.0460         NaN           
847863.000      975383.0387     -7.859     26.196    -0.391617    -0.920011     -0.014689                      NaN     -0.0460         NaN           
847864.000      981798.0090     -7.893     25.949    -0.391177    -0.920252     -0.010803                      NaN     -0.0460         NaN           
847865.000      988226.5580     -7.927     25.705    -0.390737    -0.920476     -0.006967                      NaN     -0.0460         NaN           
847866.000      994668.4140     -7.960     25.464    -0.390297    -0.920684     -0.003179                      NaN     -0.0460         NaN           
847867.000     1001123.3115     -7.993     25.225    -0.389857    -0.920875      0.000560                      NaN     -0.0460         NaN           
847868.000     1007590.9914     -8.025     24.989    -0.389416    -0.921052      0.004251                      NaN     -0.0461         NaN           
847869.000     1014071.2022     -8.056     24.756    -0.388976    -0.921214      0.007896                      NaN     -0.0461         NaN           
847870.000     1020563.6930     -8.087     24.525    -0.388536    -0.921362      0.011494                      NaN     -0.0461         NaN           
847871.000     1027068.2241     -8.117     24.297    -0.388096    -0.921496      0.015047                      NaN     -0.0461         NaN           
847872.000     1033584.5596     -8.147     24.071    -0.387657    -0.921617      0.018556                      NaN     -0.0461         NaN           
847873.000     1040112.4690     -8.176     23.848    -0.387218    -0.921725      0.022020                      NaN     -0.0461         NaN           
847874.000     1046651.7270     -8.205     23.627    -0.386780    -0.921821      0.025441                      NaN     -0.0461         NaN           
847875.000     1053202.1137     -8.233     23.408    -0.386342    -0.921905      0.028820                      NaN     -0.0461         NaN           
847876.000     1059763.4158     -8.260     23.192    -0.385906    -0.921978      0.032157                      NaN     -0.0461         NaN           
847877.000     1066335.4194     -8.288     22.978    -0.385470    -0.922039      0.035452                      NaN     -0.0461         NaN           
847878.000     1072917.9211     -8.314     22.766    -0.385035    -0.922090      0.038707                      NaN     -0.0461         NaN           
847879.000     1079510.7200     -8.341     22.556    -0.384601    -0.922130      0.041922                      NaN     -0.0461         NaN           
847880.000     1086113.6199     -8.366     22.348    -0.384168    -0.922161      0.045097                      NaN     -0.0461         NaN           
847881.000     1092726.4291     -8.392     22.143    -0.383736    -0.922182      0.048234                      NaN     -0.0461         NaN           
847882.000     1099348.9619     -8.417     21.940    -0.383306    -0.922194      0.051332                      NaN     -0.0461         NaN           
847883.000     1105981.0309     -8.441     21.738    -0.382877    -0.922197      0.054393                      NaN     -0.0461         NaN           
847884.000     1112622.4588     -8.466     21.539    -0.382449    -0.922191      0.057417                      NaN     -0.0461         NaN           
847885.000     1119273.0703     -8.489     21.342    -0.382022    -0.922177      0.060405                      NaN     -0.0461         NaN           
847886.000     1125932.6938     -8.513     21.146    -0.381597    -0.922155      0.063356                      NaN     -0.0461         NaN           
847887.000     1132601.1616     -8.536     20.953    -0.381173    -0.922125      0.066273                      NaN     -0.0461         NaN           
847888.000     1139278.3116     -8.558     20.761    -0.380751    -0.922088      0.069154                      NaN     -0.0461         NaN           
847889.000     1145963.9791     -8.581     20.572    -0.380330    -0.922044      0.072002                      NaN     -0.0461         NaN           
847890.000     1152657.8077     -8.603     20.384    -0.379911    -0.921992      0.074815                      NaN     -0.0461         NaN           
847891.000     1159360.0464     -8.624     20.198    -0.379494    -0.921935      0.077595                      NaN     -0.0461         NaN           

