 64101.733     1163288.0445      3.702     20.251     0.248546    -0.252621     -0.935098                      NaN         NaN     -0.0935           
 64102.733     1156686.8421      3.632     20.435     0.248695    -0.250589     -0.935604                      NaN         NaN     -0.0936           
 64103.733     1150095.0200      3.560     20.620     0.248842    -0.248525     -0.936116                      NaN         NaN     -0.0936           
 64104.733     1143512.7485      3.488     20.806     0.248985    -0.246429     -0.936632                      NaN         NaN     -0.0937           
 64105.733     1136940.2020      3.415     20.995     0.249124    -0.244299     -0.937153                      NaN         NaN     -0.0937           
 64106.733     1130377.5590      3.340     21.185     0.249261    -0.242137     -0.937677                      NaN         NaN     -0.0938           
 64107.733     1123825.0015      3.264     21.377     0.249393    -0.239940     -0.938207                      NaN         NaN     -0.0938           
 64108.733     1117282.7151      3.188     21.571     0.249522    -0.237709     -0.938740                      NaN         NaN     -0.0939           
 64109.733     1110750.8912      3.110     21.767     0.249647    -0.235443     -0.939278                      NaN         NaN     -0.0939           
 64110.733     1104229.7252      3.031     21.964     0.249769    -0.233140     -0.939820                      NaN         NaN     -0.0940           
 64111.733     1097719.4122      2.950     22.164     0.249886    -0.230802     -0.940366                      NaN         NaN     -0.0940           
 64112.733     1091220.1568      2.869     22.365     0.249999    -0.228426     -0.940915                      NaN         NaN     -0.0941           
 64113.733     1084732.1664      2.786     22.569     0.250108    -0.226013     -0.941469                      NaN         NaN     -0.0941           
 64114.733     1078255.6524      2.702     22.774     0.250212    -0.223561     -0.942027                      NaN         NaN     -0.0942           
 64115.733     1071790.8325      2.617     22.982     0.250312    -0.221071     -0.942588                      NaN         NaN     -0.0943           
 64116.733     1065337.9276      2.530     23.191     0.250407    -0.218540     -0.943152                      NaN         NaN     -0.0943           
 64117.733     1058897.1642      2.442     23.403     0.250497    -0.215970     -0.943720                      NaN         NaN     -0.0944           
 64118.733     1052468.7737      2.352     23.617     0.250583    -0.213358     -0.944292                      NaN         NaN     -0.0944           
 64119.733     1046052.9926      2.261     23.832     0.250663    -0.210704     -0.944866                      NaN         NaN     -0.0945           
 64120.733     1039650.0631      2.169     24.051     0.250738    -0.208008     -0.945443                      NaN         NaN     -0.0945           
 64121.733     1033260.2320      2.075     24.271     0.250807    -0.205268     -0.946024                      NaN         NaN     -0.0946           
 64122.733     1026883.7534      1.979     24.494     0.250871    -0.202485     -0.946606                      NaN         NaN     -0.0947           
 64123.733     1020520.8854      1.882     24.719     0.250928    -0.199657     -0.947192                      NaN         NaN     -0.0947           
 64124.733     1014171.8927      1.783     24.946     0.250980    -0.196783     -0.947779                      NaN         NaN     -0.0948           
 64125.733     1007837.0460      1.682     25.176     0.251026    -0.193862     -0.948369                      NaN         NaN     -0.0948           
 64126.733     1001516.6222      1.580     25.408     0.251065    -0.190895     -0.948960                      NaN         NaN     -0.0949           
 64127.733      995210.9042      1.476     25.642     0.251098    -0.187879     -0.949553                      NaN         NaN     -0.0950           
 64128.733      988920.1823      1.371     25.879     0.251124    -0.184814     -0.950148                      NaN         NaN     -0.0950           
 64129.733      982644.7526      1.263     26.119     0.251143    -0.181700     -0.950743                      NaN         NaN     -0.0951           
 64130.733      976384.9183      1.154     26.361     0.251155    -0.178535     -0.951339                      NaN         NaN     -0.0951           
 64131.733      970140.9896      1.042     26.606     0.251159    -0.175318     -0.951936                      NaN         NaN     -0.0952           
 64132.733      963913.2839      0.929     26.853     0.251156    -0.172049     -0.952533                      NaN         NaN     -0.0953           
 64133.733      957702.1260      0.813     27.103     0.251145    -0.168726     -0.953131                      NaN         NaN     -0.0953           
 64134.733      951507.8485      0.696     27.356     0.251125    -0.165349     -0.953727                      NaN         NaN     -0.0954           
 64135.733      945330.7913      0.576     27.611     0.251097    -0.161917     -0.954323                      NaN         NaN     -0.0954           
 64136.733      939171.3024      0.454     27.870     0.251061    -0.158429     -0.954918                      NaN         NaN     -0.0955           
 64137.733      933029.7381      0.330     28.131     0.251016    -0.154883     -0.955512                      NaN         NaN     -0.0956           
 64138.733      926906.4628      0.204     28.395     0.250961    -0.151279     -0.956103                      NaN         NaN     -0.0956           
 64139.733      920801.8495      0.075     28.662     0.250897    -0.147616     -0.956692                      NaN         NaN     -0.0957           
 64140.733      914716.2819     -0.056     28.932     0.250824    -0.143893     -0.957279                      NaN         NaN     -0.0957           
 64141.733      908650.1473     -0.190     29.205     0.250740    -0.140108     -0.957862                      NaN         NaN     -0.0958           
 64142.733      902603.8474     -0.326     29.481     0.250646    -0.136261     -0.958441                      NaN         NaN     -0.0958           
 64143.733      896577.7916     -0.465     29.760     0.250541    -0.132351     -0.959016                      NaN         NaN     -0.0959           
 64144.733      890572.3988     -0.607     30.043     0.250425    -0.128376     -0.959587                      NaN         NaN     -0.0960           
 64145.733      884588.0981     -0.752     30.329     0.250298    -0.124335     -0.960152                      NaN         NaN     -0.0960           
 64146.733      878625.3285     -0.899     30.617     0.250159    -0.120228     -0.960711                      NaN         NaN     -0.0961           
 64147.733      872684.5391     -1.050     30.910     0.250008    -0.116052     -0.961264                      NaN         NaN     -0.0961           
 64148.733      866766.1901     -1.203     31.205     0.249844    -0.111808     -0.961809                      NaN         NaN     -0.0962           
 64149.733      860870.7521     -1.360     31.504     0.249668    -0.107493     -0.962347                      NaN         NaN     -0.0962           
 64150.733      854998.7071     -1.520     31.807     0.249478    -0.103107     -0.962876                      NaN         NaN     -0.0963           
 64151.733      849150.5482     -1.683     32.113     0.249275    -0.098649     -0.963395                      NaN         NaN     -0.0963           
 64152.733      843326.7807     -1.850     32.422     0.249058    -0.094117     -0.963905                      NaN         NaN     -0.0964           
 64153.733      837527.9204     -2.020     32.735     0.248826    -0.089509     -0.964403                      NaN         NaN     -0.0964           
 64154.733      831754.4966     -2.194     33.052     0.248579    -0.084826     -0.964890                      NaN         NaN     -0.0965           
 64155.733      826007.0503     -2.371     33.372     0.248317    -0.080065     -0.965364                      NaN         NaN     -0.0965           
 64156.733      820286.1354     -2.553     33.696     0.248039    -0.075226     -0.965825                      NaN         NaN     -0.0966           
 64157.733      814592.3186     -2.739     34.024     0.247745    -0.070307     -0.966271                      NaN         NaN     -0.0966           
 64158.733      808926.1804     -2.928     34.356     0.247434    -0.065306     -0.966701                      NaN         NaN     -0.0967           
 64159.733      803288.3131     -3.122     34.692     0.247106    -0.060223     -0.967115                      NaN         NaN     -0.0967           
 64160.733      797679.3242     -3.321     35.031     0.246760    -0.055057     -0.967511                      NaN         NaN     -0.0968           
 64161.733      792099.8349     -3.524     35.375     0.246395    -0.049806     -0.967889                      NaN         NaN     -0.0968           
 64162.733      786550.4804     -3.731     35.722     0.246011    -0.044469     -0.968246                      NaN         NaN     -0.0968           
 64163.733      781031.9107     -3.944     36.074     0.245608    -0.039044     -0.968583                      NaN         NaN     -0.0969           
 64164.733      775544.7904     -4.162     36.430     0.245185    -0.033531     -0.968896                      NaN         NaN     -0.0969           
 64165.733      770089.8001     -4.384     36.790     0.244741    -0.027927     -0.969186                      NaN         NaN     -0.0969           
 64166.733      764667.6332     -4.613     37.154     0.244276    -0.022233     -0.969451                      NaN         NaN     -0.0969           
 64167.733      759279.0010     -4.846     37.522     0.243789    -0.016446     -0.969689                      NaN         NaN     -0.0970           
 64168.733      753924.6300     -5.086     37.895     0.243280    -0.010566     -0.969899                      NaN         NaN     -0.0970           
 64169.733      748605.2627     -5.332     38.272     0.242747    -0.004591     -0.970079                      NaN         NaN     -0.0970           
 64170.733      743321.6591     -5.583     38.653     0.242190     0.001480     -0.970228                      NaN         NaN     -0.0970           
 64171.733      738074.5927     -5.841     39.039     0.241609     0.007649     -0.970343                      NaN         NaN     -0.0970           
 64172.733      732864.8549     -6.106     39.429     0.241003     0.013915     -0.970425                      NaN         NaN     -0.0970           
 64173.733      727693.2555     -6.378     39.823     0.240370     0.020281     -0.970469                      NaN         NaN     -0.0970           
 64174.733      722560.6206     -6.657     40.222     0.239711     0.026748     -0.970476                      NaN         NaN     -0.0970           
 64175.733      717467.7934     -6.943     40.626     0.239024     0.033316     -0.970442                      NaN         NaN     -0.0970           
 64176.733      712415.6346     -7.237     41.034     0.238310     0.039987     -0.970366                      NaN         NaN     -0.0970           
 64177.733      707405.0238     -7.539     41.446     0.237566     0.046762     -0.970245                      NaN         NaN     -0.0970           
 64178.733      702436.8544     -7.850     41.864     0.236792     0.053641     -0.970078                      NaN         NaN     -0.0970           
 64179.733      697512.0414     -8.169     42.285     0.235988     0.060626     -0.969863                      NaN         NaN     -0.0970           
 64180.733      692631.5165     -8.497     42.711     0.235152     0.067717     -0.969597                      NaN         NaN     -0.0970           
 64181.733      687796.2291     -8.834     43.142     0.234284     0.074915     -0.969277                      NaN         NaN     -0.0969           
 64182.733      683007.1467     -9.181     43.577     0.233383     0.082222     -0.968902                      NaN         NaN     -0.0969           
 64183.733      678265.2563     -9.538     44.017     0.232448     0.089636     -0.968470                      NaN         NaN     -0.0968           
 64184.733      673571.5578     -9.906     44.461     0.231478     0.097160     -0.967976                      NaN         NaN     -0.0968           
 64185.733      668927.0739    -10.285     44.910     0.230472     0.104794     -0.967420                      NaN         NaN     -0.0967           
 64186.733      664332.8432    -10.675     45.363     0.229430     0.112538     -0.966797                      NaN         NaN     -0.0967           
 64187.733      659789.9219    -11.077     45.820     0.228351     0.120392     -0.966106                      NaN         NaN     -0.0966           
 64188.733      655299.3833    -11.491     46.282     0.227233     0.128357     -0.965344                      NaN         NaN     -0.0965           
 64189.733      650862.3181    -11.919     46.748     0.226076     0.136433     -0.964508                      NaN         NaN     -0.0965           
 64190.733      646479.8352    -12.360     47.219     0.224878     0.144620     -0.963595                      NaN         NaN     -0.0964           
 64191.733      642153.0546    -12.815     47.693     0.223640     0.152917     -0.962601                      NaN         NaN     -0.0963           
 64192.733      637883.1177    -13.285     48.172     0.222359     0.161325     -0.961525                      NaN         NaN     -0.0962           
 64193.733      633671.1795    -13.770     48.654     0.221036     0.169844     -0.960363                      NaN         NaN     -0.0960           
 64194.733      629518.4102    -14.271     49.140     0.219668     0.178472     -0.959111                      NaN         NaN     -0.0959           
 64195.733      625425.9942    -14.789     49.630     0.218257     0.187209     -0.957767                      NaN         NaN     -0.0958           
 64196.733      621395.1320    -15.325     50.123     0.216799     0.196055     -0.956327                      NaN         NaN     -0.0956           
 64197.733      617427.0303    -15.879     50.620     0.215295     0.205009     -0.954788                      NaN         NaN     -0.0955           
 64198.733      613522.9148    -16.452     51.119     0.213744     0.214068     -0.953147                      NaN         NaN     -0.0953           
 64199.733      609684.0202    -17.046     51.622     0.212144     0.223233     -0.951400                      NaN         NaN     -0.0951           
 64200.733      605911.5926    -17.660     52.127     0.210496     0.232502     -0.949544                      NaN         NaN     -0.0950           
 64201.733      602206.8844    -18.297     52.635     0.208797     0.241872     -0.947577                      NaN         NaN     -0.0948           
 64202.733      598571.1621    -18.956     53.145     0.207048     0.251344     -0.945493                      NaN         NaN     -0.0945           
 64203.733      595005.6901    -19.640     53.657     0.205248     0.260913     -0.943291                      NaN         NaN     -0.0943           
 64204.733      591511.7465    -20.349     54.170     0.203396     0.270578     -0.940966                      NaN         NaN     -0.0941           
 64205.733      588090.6114    -21.085     54.684     0.201490     0.280337     -0.938516                      NaN         NaN     -0.0939           
 64206.733      584743.5674    -21.848     55.200     0.199532     0.290187     -0.935937                      NaN         NaN     -0.0936           
 64207.733      581471.8990    -22.640     55.715     0.197519     0.300125     -0.933226                      NaN         NaN     -0.0933           
 64208.733      578276.8931    -23.463     56.231     0.195452     0.310149     -0.930380                      NaN         NaN     -0.0930           
 64209.733      575159.8261    -24.318     56.746     0.193329     0.320254     -0.927395                      NaN         NaN     -0.0927           
 64210.733      572121.9793    -25.206     57.260     0.191151     0.330437     -0.924269                      NaN         NaN     -0.0924           
 64211.733      569164.6258    -26.129     57.773     0.188917     0.340695     -0.920998                      NaN         NaN     -0.0921           
 64212.733      566289.0310    -27.088     58.283     0.186627     0.351023     -0.917580                      NaN         NaN     -0.0918           
 64213.733      563496.4507    -28.085     58.791     0.184280     0.361417     -0.914012                      NaN         NaN     -0.0914           
 64214.733      560788.1293    -29.122     59.295     0.181876     0.371874     -0.910292                      NaN         NaN     -0.0910           
 64215.733      558165.3009    -30.200     59.794     0.179415     0.382387     -0.906416                      NaN         NaN     -0.0906           
 64216.733      555629.1731    -31.322     60.289     0.176898     0.392953     -0.902383                      NaN         NaN     -0.0902           
 64217.733      553180.9458    -32.488     60.778     0.174323     0.403566     -0.898191                      NaN         NaN     -0.0898           
 64218.733      550821.7946    -33.700     61.260     0.171692     0.414220     -0.893836                      NaN         NaN     -0.0894           
 64219.733      548552.8725    -34.961     61.734     0.169004     0.424911     -0.889319                      NaN         NaN     -0.0889           
 64220.733      546375.3071    -36.272     62.200     0.166259     0.435632     -0.884637                      NaN         NaN     -0.0885           
 64221.733      544290.2018    -37.633     62.655     0.163459     0.446378     -0.879789                      NaN         NaN     -0.0880           
 64222.733      542298.6191    -39.048     63.101     0.160603     0.457142     -0.874773                      NaN         NaN     -0.0875           
 64223.733      540401.5998    -40.516     63.534     0.157692     0.467919     -0.869589                      NaN         NaN     -0.0870           
 64272.737      571267.1161   -126.000     57.196    -0.019127     0.884739     -0.465695                  -0.0442         NaN         NaN           
 64273.737      574282.4211   -126.888     56.680    -0.022587     0.889409     -0.456555                  -0.0445         NaN         NaN           
 64274.737      577377.3428   -127.742     56.162    -0.026014     0.893920     -0.447471                  -0.0447         NaN         NaN           
 64275.737      580550.6047   -128.565     55.644    -0.029405     0.898275     -0.438448                  -0.0449         NaN         NaN           
 64276.737      583800.9257   -129.357     55.126    -0.032761     0.902478     -0.429489                  -0.0451         NaN         NaN           
 64277.737      587127.0225   -130.120     54.608    -0.036080     0.906529     -0.420598                  -0.0453         NaN         NaN           
 64278.737      590527.6170   -130.856     54.091    -0.039363     0.910434     -0.411778                  -0.0455         NaN         NaN           
 64279.737      594001.4143   -131.564     53.576    -0.042608     0.914194     -0.403032                  -0.0457         NaN         NaN           
 64280.737      597547.1396   -132.248     53.061    -0.045816     0.917812     -0.394362                  -0.0459         NaN         NaN           
 64281.737      601163.5162   -132.907     52.549    -0.048985     0.921293     -0.385772                  -0.0461         NaN         NaN           
 64282.737      604849.2730   -133.544     52.039    -0.052116     0.924638     -0.377264                  -0.0462         NaN         NaN           
 64283.737      608603.1452   -134.158     51.531    -0.055208     0.927852     -0.368840                  -0.0464         NaN         NaN           
 64284.737      612423.8821   -134.752     51.026    -0.058260     0.930937     -0.360502                  -0.0465         NaN         NaN           
 64285.737      616310.2239   -135.325     50.524    -0.061274     0.933897     -0.352252                  -0.0467         NaN         NaN           
 64286.737      620260.9391   -135.879     50.026    -0.064248     0.936735     -0.344093                  -0.0468         NaN         NaN           
 64287.737      624274.8009   -136.414     49.530    -0.067184     0.939454     -0.336024                  -0.0470         NaN         NaN           
 64288.737      628350.5947   -136.932     49.038    -0.070079     0.942058     -0.328048                  -0.0471         NaN         NaN           
 64289.737      632487.1185   -137.434     48.550    -0.072936     0.944550     -0.320166                  -0.0472         NaN         NaN           
 64290.737      636683.1890   -137.919     48.065    -0.075753     0.946932     -0.312379                  -0.0473         NaN         NaN           
 64291.737      640937.6220   -138.389     47.584    -0.078531     0.949209     -0.304688                  -0.0475         NaN         NaN           
 64292.737      645249.2631   -138.844     47.108    -0.081271     0.951383     -0.297094                  -0.0476         NaN         NaN           
 64293.737      649616.9683   -139.285     46.635    -0.083971     0.953458     -0.289596                  -0.0477         NaN         NaN           
 64294.737      654039.6092   -139.712     46.167    -0.086633     0.955437     -0.282197                  -0.0478         NaN         NaN           
 64295.737      658516.0741   -140.127     45.703    -0.089257     0.957322     -0.274896                  -0.0479         NaN         NaN           
 64296.737      663045.2675   -140.529     45.243    -0.091843     0.959117     -0.267694                  -0.0480         NaN         NaN           
 64297.737      667626.1172   -140.919     44.788    -0.094391     0.960824     -0.260590                  -0.0480         NaN         NaN           
 64298.737      672257.5499   -141.298     44.337    -0.096902     0.962447     -0.253585                  -0.0481         NaN         NaN           
 64299.737      676938.5280   -141.666     43.891    -0.099376     0.963988     -0.246679                  -0.0482         NaN         NaN           
 64300.737      681668.0253   -142.023     43.449    -0.101813     0.965451     -0.239872                  -0.0483         NaN         NaN           
 64301.737      686445.0336   -142.370     43.012    -0.104214     0.966837     -0.233163                  -0.0483         NaN         NaN           
 64302.737      691268.5622   -142.708     42.579    -0.106579     0.968150     -0.226552                  -0.0484         NaN         NaN           
 64303.737      696137.6445   -143.036     42.151    -0.108909     0.969392     -0.220040                  -0.0485         NaN         NaN           
 64304.737      701051.3139   -143.355     41.727    -0.111204     0.970566     -0.213624                  -0.0485         NaN         NaN           
 64305.737      706008.6395   -143.665     41.308    -0.113464     0.971674     -0.207306                  -0.0486         NaN         NaN           
 64306.738      711008.7024   -143.968     40.894    -0.115690     0.972719     -0.201083                  -0.0486         NaN         NaN           
 64307.738      716050.6015   -144.262     40.484    -0.117882     0.973702     -0.194957                  -0.0487         NaN         NaN           
 64308.738      721133.4532   -144.548     40.079    -0.120041     0.974627     -0.188926                  -0.0487         NaN         NaN           
 64309.738      726256.3978   -144.827     39.678    -0.122168     0.975495     -0.182989                  -0.0488         NaN         NaN           
 64310.738      731418.5751   -145.099     39.281    -0.124262     0.976309     -0.177146                  -0.0488         NaN         NaN           
 64311.738      736619.1599   -145.364     38.889    -0.126324     0.977070     -0.171395                  -0.0489         NaN         NaN           
 64312.738      741857.3385   -145.623     38.502    -0.128356     0.977781     -0.165737                  -0.0489         NaN         NaN           
 64313.738      747132.3138   -145.875     38.119    -0.130356     0.978444     -0.160170                  -0.0489         NaN         NaN           
 64314.738      752443.3060   -146.121     37.740    -0.132326     0.979061     -0.154693                  -0.0490         NaN         NaN           
 64315.738      757789.5571   -146.360     37.366    -0.134266     0.979633     -0.149305                  -0.0490         NaN         NaN           
 64316.738      763170.3084   -146.594     36.996    -0.136177     0.980162     -0.144006                  -0.0490         NaN         NaN           
 64317.738      768584.8346   -146.823     36.630    -0.138059     0.980651     -0.138795                  -0.0490         NaN         NaN           
 64318.738      774032.4205   -147.046     36.269    -0.139913     0.981100     -0.133670                  -0.0491         NaN         NaN           
 64319.738      779512.3666   -147.264     35.911    -0.141738     0.981511     -0.128630                  -0.0491         NaN         NaN           
 64320.738      785023.9872   -147.477     35.558    -0.143536     0.981887     -0.123675                  -0.0491         NaN         NaN           
 64321.738      790566.6161   -147.685     35.209    -0.145308     0.982228     -0.118803                  -0.0491         NaN         NaN           
 64322.738      796139.6037   -147.888     34.864    -0.147052     0.982536     -0.114014                  -0.0491         NaN         NaN           
 64323.738      801742.2985   -148.087     34.523    -0.148771     0.982812     -0.109306                  -0.0491         NaN         NaN           
 64324.738      807374.0813   -148.281     34.186    -0.150464     0.983058     -0.104679                  -0.0492         NaN         NaN           
 64325.738      813034.3409   -148.471     33.852    -0.152132     0.983275     -0.100130                  -0.0492         NaN         NaN           
 64326.738      818722.4798   -148.657     33.523    -0.153775     0.983464     -0.095660                  -0.0492         NaN         NaN           
 64327.738      824437.9143   -148.839     33.198    -0.155395     0.983627     -0.091268                  -0.0492         NaN         NaN           
 64328.738      830180.0796   -149.017     32.876    -0.156990     0.983765     -0.086951                  -0.0492         NaN         NaN           
 64329.738      835948.4064   -149.191     32.558    -0.158562     0.983879     -0.082709                  -0.0492         NaN         NaN           
 64330.738      841742.3559   -149.361     32.243    -0.160111     0.983969     -0.078541                  -0.0492         NaN         NaN           
 64331.738      847561.3954   -149.529     31.933    -0.161637     0.984038     -0.074447                  -0.0492         NaN         NaN           
 64332.738      853405.0050   -149.692     31.625    -0.163142     0.984086     -0.070424                  -0.0492         NaN         NaN           
 64333.738      859272.6762   -149.852     31.322    -0.164625     0.984114     -0.066472                  -0.0492         NaN         NaN           
 64334.738      865163.9182   -150.009     31.021    -0.166086     0.984123     -0.062590                  -0.0492         NaN         NaN           
 64335.738      871078.2344   -150.163     30.725    -0.167527     0.984114     -0.058777                  -0.0492         NaN         NaN           
 64336.738      877015.1565   -150.314     30.431    -0.168947     0.984088     -0.055032                  -0.0492         NaN         NaN           
 64337.738      882974.2213   -150.462     30.141    -0.170347     0.984045     -0.051353                  -0.0492         NaN         NaN           
 64338.738      888954.9764   -150.607     29.854    -0.171727     0.983987     -0.047740                  -0.0492         NaN         NaN           
 64339.738      894956.9799   -150.749     29.571    -0.173088     0.983914     -0.044192                  -0.0492         NaN         NaN           
 64340.738      900979.8054   -150.888     29.290    -0.174431     0.983828     -0.040708                  -0.0492         NaN         NaN           
 64341.738      907023.0197   -151.025     29.013    -0.175754     0.983728     -0.037287                  -0.0492         NaN         NaN           
 64342.738      913086.2163   -151.159     28.739    -0.177059     0.983615     -0.033927                  -0.0492         NaN         NaN           
 64343.738      919168.9924   -151.291     28.468    -0.178346     0.983491     -0.030629                  -0.0492         NaN         NaN           
 64344.738      925270.9546   -151.420     28.200    -0.179616     0.983355     -0.027390                  -0.0492         NaN         NaN           
 64345.738      931391.7185   -151.547     27.935    -0.180868     0.983209     -0.024211                  -0.0492         NaN         NaN           
 64346.738      937530.9083   -151.671     27.672    -0.182104     0.983053     -0.021089                  -0.0492         NaN         NaN           
 64347.738      943688.1628   -151.794     27.413    -0.183323     0.982888     -0.018025                  -0.0491         NaN         NaN           
 64348.738      949863.1119   -151.914     27.156    -0.184525     0.982713     -0.015018                  -0.0491         NaN         NaN           
 64349.738      956055.4110   -152.032     26.903    -0.185712     0.982530     -0.012065                  -0.0491         NaN         NaN           
 64350.738      962264.7160   -152.148     26.652    -0.186883     0.982339     -0.009168                  -0.0491         NaN         NaN           
 64351.738      968490.6955   -152.261     26.403    -0.188038     0.982141     -0.006324                  -0.0491         NaN         NaN           
 64352.738      974733.0209   -152.373     26.158    -0.189179     0.981936     -0.003533                  -0.0491         NaN         NaN           
 64353.738      980991.3780   -152.483     25.915    -0.190305     0.981725     -0.000794                  -0.0491         NaN         NaN           
 64354.738      987265.4397   -152.591     25.674    -0.191416     0.981507      0.001894                  -0.0491         NaN         NaN           
 64355.738      993554.9138   -152.697     25.436    -0.192513     0.981284      0.004531                  -0.0491         NaN         NaN           
 64356.738      999859.4982   -152.802     25.201    -0.193596     0.981056      0.007118                  -0.0491         NaN         NaN           
 64357.738     1006178.9011   -152.905     24.968    -0.194665     0.980822      0.009657                  -0.0490         NaN         NaN           
 64358.738     1012512.8375   -153.005     24.737    -0.195721     0.980584      0.012148                  -0.0490         NaN         NaN           
 64359.738     1018861.0340   -153.105     24.509    -0.196763     0.980342      0.014591                  -0.0490         NaN         NaN           
 64360.738     1025223.2073   -153.202     24.284    -0.197793     0.980097      0.016988                  -0.0490         NaN         NaN           
 64361.738     1031599.0963   -153.299     24.060    -0.198810     0.979847      0.019339                  -0.0490         NaN         NaN           
 64362.738     1037988.4406   -153.393     23.839    -0.199814     0.979595      0.021644                  -0.0490         NaN         NaN           
 64363.738     1044390.9855   -153.486     23.620    -0.200806     0.979339      0.023906                  -0.0490         NaN         NaN           
 64364.738     1050806.4819   -153.578     23.403    -0.201787     0.979081      0.026123                  -0.0490         NaN         NaN           
 64365.738     1057234.6862   -153.668     23.189    -0.202755     0.978821      0.028298                  -0.0489         NaN         NaN           
 64366.738     1063675.3656   -153.756     22.976    -0.203712     0.978558      0.030430                  -0.0489         NaN         NaN           
 64367.738     1070128.2764   -153.844     22.766    -0.204657     0.978293      0.032520                  -0.0489         NaN         NaN           
 64368.738     1076593.1959   -153.930     22.558    -0.205592     0.978027      0.034570                  -0.0489         NaN         NaN           
 64369.738     1083069.9014   -154.014     22.352    -0.206515     0.977759      0.036579                  -0.0489         NaN         NaN           
 64370.738     1089558.1747   -154.098     22.148    -0.207428     0.977491      0.038548                  -0.0489         NaN         NaN           
 64371.738     1096057.8025   -154.180     21.945    -0.208330     0.977221      0.040478                  -0.0489         NaN         NaN           
 64372.738     1102568.5814   -154.260     21.745    -0.209222     0.976950      0.042370                  -0.0488         NaN         NaN           
 64373.738     1109090.2966   -154.340     21.547    -0.210103     0.976679      0.044223                  -0.0488         NaN         NaN           
 64374.738     1115622.7534   -154.419     21.351    -0.210975     0.976407      0.046039                  -0.0488         NaN         NaN           
 64375.738     1122165.7564   -154.496     21.156    -0.211836     0.976135      0.047819                  -0.0488         NaN         NaN           
 64376.738     1128719.1141   -154.572     20.963    -0.212688     0.975862      0.049562                  -0.0488         NaN         NaN           
 64377.738     1135282.6393   -154.647     20.773    -0.213531     0.975590      0.051269                  -0.0488         NaN         NaN           
 64378.738     1141856.1539   -154.721     20.583    -0.214364     0.975318      0.052942                  -0.0488         NaN         NaN           
 64379.738     1148439.4678   -154.794     20.396    -0.215188     0.975046      0.054579                  -0.0488         NaN         NaN           
 64380.738     1155032.4089   -154.866     20.211    -0.216003     0.974775      0.056183                  -0.0487         NaN         NaN           
 64381.738     1161634.8086   -154.937     20.027    -0.216810     0.974504      0.057753                  -0.0487         NaN         NaN           
 64382.738     1168246.4968   -155.007     19.844    -0.217607     0.974234      0.059290                  -0.0487         NaN         NaN           

408644.593     1071571.6579     21.190     22.918    -0.046596    -0.411440     -0.910245                      NaN         NaN     -0.0910           
408645.593     1065103.8854     21.274     23.127    -0.048503    -0.408916     -0.911282                      NaN         NaN     -0.0911           
408646.593     1058647.8116     21.359     23.338    -0.050431    -0.406357     -0.912321                      NaN         NaN     -0.0912           
408647.593     1052203.6608     21.445     23.552    -0.052383    -0.403763     -0.913363                      NaN         NaN     -0.0913           
408648.593     1045771.6623     21.533     23.768    -0.054358    -0.401134     -0.914405                      NaN         NaN     -0.0914           
408649.593     1039352.0460     21.622     23.986    -0.056356    -0.398468     -0.915449                      NaN         NaN     -0.0915           
408650.593     1032945.0606     21.712     24.206    -0.058379    -0.395765     -0.916495                      NaN         NaN     -0.0916           
408651.593     1026550.9471     21.804     24.429    -0.060426    -0.393024     -0.917541                      NaN         NaN     -0.0918           
408652.593     1020169.9560     21.897     24.654    -0.062497    -0.390244     -0.918588                      NaN         NaN     -0.0919           
408653.593     1013802.3442     21.992     24.881    -0.064593    -0.387425     -0.919635                      NaN         NaN     -0.0920           
408654.593     1007448.3740     22.088     25.111    -0.066715    -0.384567     -0.920683                      NaN         NaN     -0.0921           
408655.593     1001108.3095     22.186     25.343    -0.068863    -0.381667     -0.921731                      NaN         NaN     -0.0922           
408656.593      994782.4344     22.285     25.578    -0.071037    -0.378726     -0.922779                      NaN         NaN     -0.0923           
408657.593      988471.0253     22.386     25.815    -0.073238    -0.375742     -0.923826                      NaN         NaN     -0.0924           
408658.593      982174.3698     22.488     26.055    -0.075465    -0.372716     -0.924872                      NaN         NaN     -0.0925           
408659.593      975892.7623     22.593     26.297    -0.077720    -0.369645     -0.925917                      NaN         NaN     -0.0926           
408660.593      969626.5063     22.698     26.542    -0.080003    -0.366529     -0.926960                      NaN         NaN     -0.0927           
408661.593      963375.9005     22.806     26.790    -0.082314    -0.363368     -0.928002                      NaN         NaN     -0.0928           
408662.593      957141.2721     22.916     27.040    -0.084653    -0.360160     -0.929042                      NaN         NaN     -0.0929           
408663.593      950922.9393     23.027     27.293    -0.087022    -0.356905     -0.930078                      NaN         NaN     -0.0930           
408664.593      944721.2324     23.140     27.549    -0.089420    -0.353602     -0.931112                      NaN         NaN     -0.0931           
408665.593      938536.4898     23.256     27.808    -0.091849    -0.350249     -0.932143                      NaN         NaN     -0.0932           
408666.593      932369.0576     23.373     28.070    -0.094307    -0.346846     -0.933169                      NaN         NaN     -0.0933           
408667.593      926219.2902     23.492     28.334    -0.096796    -0.343391     -0.934191                      NaN         NaN     -0.0934           
408668.593      920087.5458     23.614     28.602    -0.099317    -0.339885     -0.935208                      NaN         NaN     -0.0935           
408669.593      913974.2051     23.738     28.872    -0.101869    -0.336325     -0.936220                      NaN         NaN     -0.0936           
408670.593      907879.6437     23.864     29.146    -0.104453    -0.332711     -0.937226                      NaN         NaN     -0.0937           
408671.593      901804.2508     23.992     29.423    -0.107070    -0.329042     -0.938226                      NaN         NaN     -0.0938           
408672.593      895748.4250     24.123     29.703    -0.109720    -0.325317     -0.939218                      NaN         NaN     -0.0939           
408673.593      889712.5742     24.256     29.987    -0.112404    -0.321534     -0.940203                      NaN         NaN     -0.0940           
408674.593      883697.1117     24.392     30.273    -0.115121    -0.317693     -0.941179                      NaN         NaN     -0.0941           
408675.593      877702.4745     24.530     30.563    -0.117873    -0.313793     -0.942147                      NaN         NaN     -0.0942           
408676.593      871729.0959     24.671     30.856    -0.120660    -0.309831     -0.943104                      NaN         NaN     -0.0943           
408677.593      865777.4244     24.815     31.153    -0.123482    -0.305808     -0.944052                      NaN         NaN     -0.0944           
408678.593      859847.9190     24.962     31.453    -0.126339    -0.301723     -0.944988                      NaN         NaN     -0.0945           
408679.593      853941.0499     25.111     31.757    -0.129233    -0.297572     -0.945912                      NaN         NaN     -0.0946           
408680.593      848057.2936     25.264     32.065    -0.132164    -0.293357     -0.946823                      NaN         NaN     -0.0947           
408681.593      842197.1526     25.420     32.376    -0.135132    -0.289075     -0.947721                      NaN         NaN     -0.0948           
408682.593      836361.1267     25.578     32.690    -0.138137    -0.284726     -0.948604                      NaN         NaN     -0.0949           
408683.593      830549.7324     25.741     33.009    -0.141181    -0.280307     -0.949471                      NaN         NaN     -0.0949           
408684.593      824763.4987     25.906     33.331    -0.144263    -0.275818     -0.950322                      NaN         NaN     -0.0950           
408685.593      819002.9671     26.075     33.657    -0.147384    -0.271258     -0.951156                      NaN         NaN     -0.0951           
408686.593      813268.6870     26.248     33.987    -0.150544    -0.266625     -0.951970                      NaN         NaN     -0.0952           
408687.593      807561.2358     26.425     34.321    -0.153744    -0.261917     -0.952765                      NaN         NaN     -0.0953           
408688.593      801881.1894     26.605     34.659    -0.156985    -0.257135     -0.953540                      NaN         NaN     -0.0954           
408689.593      796229.1423     26.790     35.002    -0.160266    -0.252275     -0.954291                      NaN         NaN     -0.0954           
408690.593      790605.7056     26.978     35.348    -0.163588    -0.247338     -0.955020                      NaN         NaN     -0.0955           
408691.593      785011.4974     27.171     35.698    -0.166951    -0.242321     -0.955724                      NaN         NaN     -0.0956           
408692.593      779447.1575     27.368     36.053    -0.170357    -0.237223     -0.956402                      NaN         NaN     -0.0956           
408693.593      773913.3331     27.570     36.412    -0.173804    -0.232043     -0.957052                      NaN         NaN     -0.0957           
408694.593      768410.7015     27.777     36.775    -0.177294    -0.226780     -0.957673                      NaN         NaN     -0.0958           
408695.593      762939.9404     27.988     37.143    -0.180827    -0.221431     -0.958264                      NaN         NaN     -0.0958           
408696.593      757501.7484     28.205     37.515    -0.184403    -0.215996     -0.958823                      NaN         NaN     -0.0959           
408697.593      752096.8397     28.426     37.891    -0.188023    -0.210474     -0.959348                      NaN         NaN     -0.0959           
408698.593      746725.9448     28.654     38.273    -0.191686    -0.204863     -0.959837                      NaN         NaN     -0.0960           
408699.593      741389.8058     28.886     38.658    -0.195394    -0.199161     -0.960290                      NaN         NaN     -0.0960           
408700.593      736089.1963     29.125     39.049    -0.199145    -0.193367     -0.960703                      NaN         NaN     -0.0961           
408701.593      730824.8922     29.370     39.444    -0.202942    -0.187480     -0.961075                      NaN         NaN     -0.0961           
408702.593      725597.6912     29.621     39.843    -0.206783    -0.181498     -0.961405                      NaN         NaN     -0.0961           
408703.593      720408.4085     29.879     40.248    -0.210668    -0.175421     -0.961689                      NaN         NaN     -0.0962           
408704.593      715257.8772     30.143     40.657    -0.214599    -0.169246     -0.961927                      NaN         NaN     -0.0962           
408705.593      710146.9427     30.415     41.071    -0.218575    -0.162973     -0.962115                      NaN         NaN     -0.0962           
408706.593      705076.4840     30.694     41.490    -0.222595    -0.156599     -0.962252                      NaN         NaN     -0.0962           
408707.593      700047.3828     30.981     41.914    -0.226661    -0.150125     -0.962334                      NaN         NaN     -0.0962           
408708.593      695060.5442     31.275     42.342    -0.230772    -0.143548     -0.962361                      NaN         NaN     -0.0962           
408709.593      690116.8919     31.578     42.776    -0.234927    -0.136867     -0.962329                      NaN         NaN     -0.0962           
408710.593      685217.3677     31.889     43.214    -0.239128    -0.130082     -0.962235                      NaN         NaN     -0.0962           
408711.593      680362.9272     32.210     43.658    -0.243373    -0.123191     -0.962078                      NaN         NaN     -0.0962           
408712.593      675554.5599     32.539     44.106    -0.247662    -0.116192     -0.961854                      NaN         NaN     -0.0962           
408713.593      670793.2585     32.879     44.559    -0.251996    -0.109086     -0.961560                      NaN         NaN     -0.0962           
408714.593      666080.0394     33.229     45.018    -0.256373    -0.101870     -0.961195                      NaN         NaN     -0.0961           
408715.593      661415.9375     33.589     45.481    -0.260794    -0.094544     -0.960754                      NaN         NaN     -0.0961           
408716.593      656802.0062     33.960     45.949    -0.265257    -0.087108     -0.960235                      NaN         NaN     -0.0960           
408717.593      652239.3171     34.343     46.422    -0.269763    -0.079559     -0.959634                      NaN         NaN     -0.0960           
408718.593      647728.9549     34.738     46.899    -0.274310    -0.071899     -0.958950                      NaN         NaN     -0.0959           
408719.593      643272.0375     35.146     47.382    -0.278898    -0.064125     -0.958177                      NaN         NaN     -0.0958           
408720.593      638869.6866     35.567     47.869    -0.283527    -0.056238     -0.957314                      NaN         NaN     -0.0957           
408721.593      634523.0412     36.002     48.361    -0.288194    -0.048236     -0.956356                      NaN         NaN     -0.0956           
408722.593      630233.2623     36.451     48.858    -0.292900    -0.040121     -0.955301                      NaN         NaN     -0.0955           
408723.593      626001.5254     36.915     49.359    -0.297643    -0.031890     -0.954144                      NaN         NaN     -0.0954           
408724.593      621829.0169     37.396     49.864    -0.302423    -0.023545     -0.952883                      NaN         NaN     -0.0953           
408725.593      617716.9540     37.893     50.374    -0.307237    -0.015086     -0.951513                      NaN         NaN     -0.0952           
408726.593      613666.5528     38.407     50.887    -0.312085    -0.006512     -0.950032                      NaN         NaN     -0.0950           
408727.593      609679.0484     38.940     51.405    -0.316965     0.002177     -0.948435                      NaN         NaN     -0.0948           
408728.593      605755.6893     39.492     51.927    -0.321875     0.010979     -0.946718                      NaN         NaN     -0.0947           
408729.593      601897.7359     40.064     52.452    -0.326815     0.019894     -0.944879                      NaN         NaN     -0.0945           
408730.593      598106.4547     40.658     52.980    -0.331781     0.028921     -0.942913                      NaN         NaN     -0.0943           
408731.593      594383.1381     41.274     53.512    -0.336773     0.038060     -0.940816                      NaN         NaN     -0.0941           
408732.593      590729.0717     41.913     54.046    -0.341788     0.047310     -0.938585                      NaN         NaN     -0.0939           
408733.593      587145.5543     42.577     54.584    -0.346825     0.056668     -0.936216                      NaN         NaN     -0.0936           
408734.593      583633.8912     43.267     55.123    -0.351881     0.066134     -0.933706                      NaN         NaN     -0.0934           
408735.593      580195.3927     43.984     55.665    -0.356953     0.075705     -0.931050                      NaN         NaN     -0.0931           
408736.593      576831.3728     44.731     56.208    -0.362039     0.085381     -0.928244                      NaN         NaN     -0.0928           
408737.593      573543.1422     45.507     56.752    -0.367138     0.095158     -0.925286                      NaN         NaN     -0.0925           
408738.593      570332.0278     46.315     57.297    -0.372245     0.105034     -0.922172                      NaN         NaN     -0.0922           
408739.593      567199.3392     47.157     57.842    -0.377358     0.115007     -0.918898                      NaN         NaN     -0.0919           
408740.593      564146.3883     48.033     58.387    -0.382475     0.125075     -0.915461                      NaN         NaN     -0.0915           
408741.593      561174.4814     48.947     58.932    -0.387592     0.135233     -0.911858                      NaN         NaN     -0.0912           
408742.593      558284.9178     49.900     59.474    -0.392706     0.145479     -0.908085                      NaN         NaN     -0.0908           
408743.593      555478.9824     50.894     60.015    -0.397815     0.155809     -0.904139                      NaN         NaN     -0.0904           
408744.593      552757.9638     51.931     60.553    -0.402913     0.166219     -0.900018                      NaN         NaN     -0.0900           
408745.593      550123.1215     53.014     61.087    -0.407999     0.176706     -0.895719                      NaN         NaN     -0.0896           
408746.593      547575.7043     54.144     61.617    -0.413069     0.187265     -0.891239                      NaN         NaN     -0.0891           
408747.593      545116.9421     55.323     62.142    -0.418118     0.197891     -0.886575                      NaN         NaN     -0.0887           
408748.593      542748.0443     56.555     62.661    -0.423144     0.208580     -0.881727                      NaN         NaN     -0.0882           
408749.593      540470.1917     57.841     63.172    -0.428143     0.219328     -0.876692                      NaN         NaN     -0.0877           
408750.593      538284.5553     59.184     63.675    -0.433110     0.230128     -0.871468                      NaN         NaN     -0.0871           
408751.593      536192.2600     60.586     64.169    -0.438043     0.240975     -0.866054                      NaN         NaN     -0.0866           
408888.570     1007690.3086   -179.407     24.793    -0.475388     0.866077      0.154650                  -0.0433         NaN         NaN           
408889.570     1014050.9225   -179.311     24.563    -0.474223     0.866135      0.157871                  -0.0433         NaN         NaN           
408890.570     1020425.2458   -179.218     24.336    -0.473068     0.866182      0.161045                  -0.0433         NaN         NaN           
408891.570     1026813.0159   -179.126     24.110    -0.471922     0.866220      0.164173                  -0.0433         NaN         NaN           
408892.570     1033213.9758   -179.035     23.887    -0.470785     0.866249      0.167254                  -0.0433         NaN         NaN           
408893.570     1039627.8746   -178.946     23.667    -0.469657     0.866270      0.170291                  -0.0433         NaN         NaN           
408894.570     1046054.4671   -178.857     23.449    -0.468539     0.866282      0.173282                  -0.0433         NaN         NaN           
408895.570     1052493.5127   -178.771     23.233    -0.467430     0.866287      0.176231                  -0.0433         NaN         NaN           
408896.570     1058944.7772   -178.685     23.019    -0.466329     0.866284      0.179136                  -0.0433         NaN         NaN           
408897.570     1065408.0311   -178.601     22.807    -0.465238     0.866273      0.181999                  -0.0433         NaN         NaN           
408898.570     1071883.0498   -178.518     22.597    -0.464157     0.866256      0.184820                  -0.0433         NaN         NaN           
408899.570     1078369.6141   -178.437     22.390    -0.463084     0.866233      0.187601                  -0.0433         NaN         NaN           
408900.570     1084867.5068   -178.356     22.184    -0.462020     0.866203      0.190341                  -0.0433         NaN         NaN           
408901.570     1091376.5228   -178.277     21.981    -0.460965     0.866167      0.193042                  -0.0433         NaN         NaN           
408902.570     1097896.4543   -178.199     21.779    -0.459920     0.866126      0.195703                  -0.0433         NaN         NaN           
408903.570     1104427.1004   -178.121     21.580    -0.458883     0.866079      0.198326                  -0.0433         NaN         NaN           
408904.570     1110968.2645   -178.045     21.382    -0.457855     0.866027      0.200912                  -0.0433         NaN         NaN           

