498738.275     1073631.9013      8.238     23.135    -0.195129     0.219970     -0.955792                      NaN         NaN     -0.0956           
498739.275     1067176.5923      8.157     23.345    -0.195434     0.217239     -0.956354                      NaN         NaN     -0.0956           
498740.275     1060733.3111      8.075     23.558    -0.195739     0.214468     -0.956917                      NaN         NaN     -0.0957           
498741.275     1054302.2868      7.992     23.773    -0.196043     0.211654     -0.957481                      NaN         NaN     -0.0957           
498742.275     1047883.7524      7.907     23.990    -0.196348     0.208799     -0.958045                      NaN         NaN     -0.0958           
498743.275     1041477.9496      7.821     24.209    -0.196651     0.205901     -0.958610                      NaN         NaN     -0.0959           
498744.275     1035085.1221      7.734     24.431    -0.196955     0.202959     -0.959175                      NaN         NaN     -0.0959           
498745.275     1028705.5203      7.645     24.655    -0.197258     0.199972     -0.959740                      NaN         NaN     -0.0960           
498746.275     1022339.4001      7.554     24.881    -0.197560     0.196941     -0.960304                      NaN         NaN     -0.0960           
498747.275     1015987.0235      7.462     25.109    -0.197862     0.193863     -0.960868                      NaN         NaN     -0.0961           
498748.275     1009648.6572      7.369     25.340    -0.198163     0.190739     -0.961431                      NaN         NaN     -0.0961           
498749.275     1003324.5772      7.274     25.573    -0.198463     0.187567     -0.961993                      NaN         NaN     -0.0962           
498750.275      997015.0673      7.177     25.809    -0.198763     0.184347     -0.962554                      NaN         NaN     -0.0963           
498751.275      990720.4104      7.079     26.047    -0.199061     0.181077     -0.963113                      NaN         NaN     -0.0963           
498752.275      984440.8966      6.978     26.288    -0.199358     0.177757     -0.963669                      NaN         NaN     -0.0964           
498753.275      978176.8251      6.876     26.532    -0.199654     0.174386     -0.964224                      NaN         NaN     -0.0964           
498754.275      971928.5059      6.773     26.778    -0.199949     0.170963     -0.964776                      NaN         NaN     -0.0965           
498755.275      965696.2523      6.667     27.027    -0.200243     0.167488     -0.965324                      NaN         NaN     -0.0965           
498756.275      959480.3873      6.559     27.278    -0.200534     0.163958     -0.965869                      NaN         NaN     -0.0966           
498757.275      953281.2391      6.450     27.532    -0.200825     0.160374     -0.966411                      NaN         NaN     -0.0966           
498758.275      947099.1439      6.338     27.789    -0.201113     0.156734     -0.966948                      NaN         NaN     -0.0967           
498759.275      940934.4462      6.225     28.049    -0.201400     0.153038     -0.967480                      NaN         NaN     -0.0967           
498760.275      934787.4983      6.109     28.312    -0.201684     0.149284     -0.968007                      NaN         NaN     -0.0968           
498761.275      928658.6602      5.991     28.578    -0.201967     0.145471     -0.968529                      NaN         NaN     -0.0969           
498762.275      922548.3025      5.871     28.846    -0.202247     0.141599     -0.969044                      NaN         NaN     -0.0969           
498763.275      916456.8022      5.748     29.118    -0.202525     0.137666     -0.969552                      NaN         NaN     -0.0970           
498764.275      910384.5460      5.623     29.393    -0.202800     0.133671     -0.970054                      NaN         NaN     -0.0970           
498765.275      904331.9296      5.496     29.671    -0.203072     0.129614     -0.970547                      NaN         NaN     -0.0971           
498766.275      898299.3580      5.366     29.952    -0.203342     0.125492     -0.971032                      NaN         NaN     -0.0971           
498767.275      892287.2453      5.234     30.236    -0.203608     0.121306     -0.971508                      NaN         NaN     -0.0972           
498768.275      886296.0172      5.099     30.523    -0.203871     0.117054     -0.971975                      NaN         NaN     -0.0972           
498769.275      880326.1074      4.961     30.814    -0.204130     0.112734     -0.972431                      NaN         NaN     -0.0972           
498770.275      874377.9605      4.820     31.108    -0.204386     0.108347     -0.972876                      NaN         NaN     -0.0973           
498771.275      868452.0316      4.677     31.406    -0.204638     0.103890     -0.973309                      NaN         NaN     -0.0973           
498772.275      862548.7868      4.531     31.707    -0.204886     0.099362     -0.973729                      NaN         NaN     -0.0974           
498773.275      856668.7021      4.381     32.011    -0.205129     0.094762     -0.974137                      NaN         NaN     -0.0974           
498774.275      850812.2669      4.228     32.319    -0.205368     0.090090     -0.974529                      NaN         NaN     -0.0975           
498775.275      844979.9801      4.072     32.631    -0.205602     0.085344     -0.974907                      NaN         NaN     -0.0975           
498776.275      839172.3532      3.913     32.946    -0.205831     0.080522     -0.975269                      NaN         NaN     -0.0975           
498777.275      833389.9094      3.750     33.265    -0.206055     0.075623     -0.975614                      NaN         NaN     -0.0976           
498778.275      827633.1843      3.584     33.588    -0.206273     0.070647     -0.975941                      NaN         NaN     -0.0976           
498779.275      821902.7261      3.414     33.915    -0.206486     0.065592     -0.976249                      NaN         NaN     -0.0976           
498780.275      816199.0995      3.240     34.245    -0.206692     0.060457     -0.976536                      NaN         NaN     -0.0977           
498781.275      810522.8764      3.063     34.580    -0.206891     0.055240     -0.976803                      NaN         NaN     -0.0977           
498782.275      804874.6387      2.881     34.918    -0.207084     0.049941     -0.977048                      NaN         NaN     -0.0977           
498783.275      799254.9899      2.695     35.260    -0.207270     0.044558     -0.977269                      NaN         NaN     -0.0977           
498784.275      793664.5464      2.505     35.607    -0.207448     0.039089     -0.977465                      NaN         NaN     -0.0977           
498785.275      788103.9371      2.310     35.957    -0.207619     0.033534     -0.977635                      NaN         NaN     -0.0978           
498786.275      782573.8053      2.111     36.312    -0.207781     0.027892     -0.977778                      NaN         NaN     -0.0978           
498787.275      777074.8097      1.907     36.670    -0.207935     0.022160     -0.977892                      NaN         NaN     -0.0978           
498788.275      771607.6232      1.697     37.034    -0.208080     0.016339     -0.977975                      NaN         NaN     -0.0978           
498789.275      766172.9342      1.483     37.401    -0.208216     0.010426     -0.978027                      NaN         NaN     -0.0978           
498790.275      760771.4463      1.264     37.773    -0.208342     0.004420     -0.978046                      NaN         NaN     -0.0978           
498791.275      755403.8793      1.039     38.149    -0.208457    -0.001679     -0.978030                      NaN         NaN     -0.0978           
498792.275      750070.9685      0.808     38.529    -0.208563    -0.007874     -0.977977                      NaN         NaN     -0.0978           
498793.275      744773.4658      0.572     38.914    -0.208657    -0.014164     -0.977886                      NaN         NaN     -0.0978           
498794.275      739512.1393      0.329     39.304    -0.208739    -0.020552     -0.977755                      NaN         NaN     -0.0978           
498795.275      734287.7738      0.080     39.698    -0.208810    -0.027038     -0.977582                      NaN         NaN     -0.0978           
498796.275      729101.1709     -0.176     40.096    -0.208868    -0.033624     -0.977366                      NaN         NaN     -0.0977           
498797.275      723953.1493     -0.438     40.500    -0.208913    -0.040311     -0.977103                      NaN         NaN     -0.0977           
498798.275      718844.5450     -0.707     40.907    -0.208944    -0.047099     -0.976793                      NaN         NaN     -0.0977           
498799.275      713776.2114     -0.984     41.320    -0.208962    -0.053990     -0.976432                      NaN         NaN     -0.0976           
498800.275      708749.0192     -1.269     41.737    -0.208965    -0.060985     -0.976020                      NaN         NaN     -0.0976           
498801.275      703763.8570     -1.561     42.159    -0.208952    -0.068084     -0.975553                      NaN         NaN     -0.0976           
498802.275      698821.6312     -1.862     42.586    -0.208923    -0.075289     -0.975030                      NaN         NaN     -0.0975           
498803.275      693923.2660     -2.171     43.017    -0.208879    -0.082600     -0.974447                      NaN         NaN     -0.0974           
498804.275      689069.7034     -2.489     43.453    -0.208816    -0.090018     -0.973803                      NaN         NaN     -0.0974           
498805.275      684261.9038     -2.817     43.894    -0.208737    -0.097544     -0.973095                      NaN         NaN     -0.0973           
498806.275      679500.8447     -3.154     44.340    -0.208638    -0.105178     -0.972321                      NaN         NaN     -0.0972           
498807.275      674787.5223     -3.501     44.790    -0.208521    -0.112921     -0.971477                      NaN         NaN     -0.0971           
498808.275      670122.9502     -3.859     45.245    -0.208384    -0.120774     -0.970562                      NaN         NaN     -0.0971           
498809.275      665508.1602     -4.228     45.704    -0.208226    -0.128737     -0.969571                      NaN         NaN     -0.0970           
498810.275      660944.2046     -4.609     46.169    -0.208047    -0.136809     -0.968504                      NaN         NaN     -0.0969           
498811.275      656432.1481     -5.001     46.638    -0.207846    -0.144992     -0.967356                      NaN         NaN     -0.0967           
498812.275      651973.0696     -5.406     47.111    -0.207622    -0.153286     -0.966125                      NaN         NaN     -0.0966           
498813.275      647568.0720     -5.824     47.589    -0.207375    -0.161690     -0.964807                      NaN         NaN     -0.0965           
498814.275      643218.2738     -6.255     48.071    -0.207103    -0.170204     -0.963400                      NaN         NaN     -0.0963           
498815.275      638924.8085     -6.701     48.558    -0.206806    -0.178828     -0.961900                      NaN         NaN     -0.0962           
498816.275      634688.8254     -7.162     49.049    -0.206483    -0.187562     -0.960305                      NaN         NaN     -0.0960           
498817.275      630511.4889     -7.638     49.544    -0.206134    -0.196405     -0.958610                      NaN         NaN     -0.0959           
498818.275      626393.9790     -8.131     50.043    -0.205757    -0.205356     -0.956814                      NaN         NaN     -0.0957           
498819.275      622337.4874     -8.641     50.546    -0.205351    -0.214415     -0.954912                      NaN         NaN     -0.0955           
498820.275      618343.2216     -9.169     51.052    -0.204916    -0.223581     -0.952901                      NaN         NaN     -0.0953           
498821.275      614412.4006     -9.715     51.563    -0.204452    -0.232852     -0.950778                      NaN         NaN     -0.0951           
498822.275      610546.2556    -10.282     52.076    -0.203956    -0.242227     -0.948540                      NaN         NaN     -0.0949           
498823.275      606746.0283    -10.869     52.593    -0.203428    -0.251705     -0.946183                      NaN         NaN     -0.0946           
498824.275      603012.9714    -11.478     53.112    -0.202868    -0.261284     -0.943703                      NaN         NaN     -0.0944           
498825.275      599348.3434    -12.109     53.635    -0.202274    -0.270962     -0.941098                      NaN         NaN     -0.0941           
498826.275      595753.4132    -12.765     54.159    -0.201645    -0.280737     -0.938363                      NaN         NaN     -0.0938           
498827.275      592229.4552    -13.445     54.686    -0.200982    -0.290607     -0.935497                      NaN         NaN     -0.0935           
498828.275      588777.7490    -14.152     55.215    -0.200282    -0.300569     -0.932494                      NaN         NaN     -0.0932           
498829.275      585399.5774    -14.887     55.745    -0.199546    -0.310620     -0.929353                      NaN         NaN     -0.0929           
498830.275      582096.2270    -15.650     56.276    -0.198772    -0.320758     -0.926069                      NaN         NaN     -0.0926           
498831.275      578868.9809    -16.444     56.807    -0.197959    -0.330980     -0.922640                      NaN         NaN     -0.0923           
498832.275      575719.1249    -17.270     57.339    -0.197107    -0.341281     -0.919063                      NaN         NaN     -0.0919           
498833.275      572647.9407    -18.130     57.870    -0.196215    -0.351658     -0.915334                      NaN         NaN     -0.0915           
498834.275      569656.7051    -19.026     58.401    -0.195283    -0.362108     -0.911451                      NaN         NaN     -0.0911           
498835.275      566746.6886    -19.958     58.930    -0.194309    -0.372627     -0.907410                      NaN         NaN     -0.0907           
498836.275      563919.1528    -20.929     59.457    -0.193293    -0.383209     -0.903210                      NaN         NaN     -0.0903           
498837.275      561175.3503    -21.941     59.981    -0.192234    -0.393851     -0.898848                      NaN         NaN     -0.0899           
498838.275      558516.5160    -22.995     60.501    -0.191132    -0.404548     -0.894321                      NaN         NaN     -0.0894           
498839.275      555943.8746    -24.095     61.017    -0.189986    -0.415294     -0.889627                      NaN         NaN     -0.0890           
498840.275      553458.6337    -25.241     61.528    -0.188796    -0.426085     -0.884764                      NaN         NaN     -0.0885           
498841.275      551061.9780    -26.435     62.034    -0.187562    -0.436915     -0.879731                      NaN         NaN     -0.0880           
498842.275      548755.0708    -27.681     62.532    -0.186282    -0.447778     -0.874525                      NaN         NaN     -0.0875           
498843.275      546539.0538    -28.979     63.022    -0.184956    -0.458668     -0.869146                      NaN         NaN     -0.0869           
498887.275      548477.5536   -113.703     62.414    -0.089180    -0.866981     -0.490296                      NaN     -0.0433         NaN           
498888.275      550773.5680   -114.940     61.913    -0.086566    -0.872922     -0.480119                      NaN     -0.0436         NaN           
498889.275      553159.5009   -116.127     61.404    -0.083956    -0.878682     -0.469967                      NaN     -0.0439         NaN           
498890.275      555634.1916   -117.265     60.890    -0.081351    -0.884265     -0.459846                      NaN     -0.0442         NaN           
498891.275      558196.4571   -118.357     60.371    -0.078753    -0.889670     -0.449761                      NaN     -0.0445         NaN           
498892.275      560845.0945   -119.404     59.848    -0.076163    -0.894901     -0.439718                      NaN     -0.0447         NaN           
498893.275      563578.8834   -120.409     59.321    -0.073583    -0.899958     -0.429722                      NaN     -0.0450         NaN           
498894.275      566396.5920   -121.374     58.792    -0.071013    -0.904845     -0.419777                      NaN     -0.0452         NaN           
498895.275      569296.9634   -122.300     58.260    -0.068454    -0.909563     -0.409888                      NaN     -0.0455         NaN           
498896.275      572278.7416   -123.190     57.727    -0.065908    -0.914116     -0.400060                      NaN     -0.0457         NaN           
498897.275      575340.6578   -124.044     57.194    -0.063376    -0.918505     -0.390297                      NaN     -0.0459         NaN           
498898.275      578481.4363   -124.865     56.660    -0.060858    -0.922734     -0.380602                      NaN     -0.0461         NaN           
498899.275      581699.7964   -125.654     56.126    -0.058356    -0.926806     -0.370979                      NaN     -0.0463         NaN           
498900.275      584994.4559   -126.412     55.593    -0.055870    -0.930723     -0.361432                      NaN     -0.0465         NaN           
498901.275      588364.1231   -127.142     55.061    -0.053402    -0.934489     -0.351964                      NaN     -0.0467         NaN           
498902.275      591807.5191   -127.845     54.530    -0.050951    -0.938107     -0.342578                      NaN     -0.0469         NaN           
498903.275      595323.3609   -128.521     54.001    -0.048520    -0.941580     -0.333276                      NaN     -0.0471         NaN           
498904.275      598910.3674   -129.173     53.475    -0.046107    -0.944911     -0.324063                      NaN     -0.0472         NaN           
498905.275      602567.2639   -129.801     52.951    -0.043715    -0.948105     -0.314939                      NaN     -0.0474         NaN           
498906.275      606292.7860   -130.406     52.429    -0.041343    -0.951163     -0.305907                      NaN     -0.0476         NaN           
498907.275      610085.6639   -130.990     51.911    -0.038992    -0.954090     -0.296970                      NaN     -0.0477         NaN           
498908.275      613944.6493   -131.553     51.395    -0.036662    -0.956890     -0.288128                      NaN     -0.0478         NaN           
498909.275      617868.4992   -132.096     50.883    -0.034354    -0.959564     -0.279385                      NaN     -0.0480         NaN           
498910.275      621855.9816   -132.621     50.375    -0.032069    -0.962118     -0.270740                      NaN     -0.0481         NaN           
498911.275      625905.8758   -133.128     49.870    -0.029806    -0.964554     -0.262196                      NaN     -0.0482         NaN           
498912.275      630016.9736   -133.619     49.370    -0.027566    -0.966876     -0.253753                      NaN     -0.0483         NaN           
498913.275      634188.0847   -134.092     48.873    -0.025349    -0.969087     -0.245413                      NaN     -0.0485         NaN           
498914.275      638418.0194   -134.551     48.381    -0.023155    -0.971191     -0.237177                      NaN     -0.0486         NaN           
498915.275      642705.6158   -134.994     47.893    -0.020985    -0.973190     -0.229044                      NaN     -0.0487         NaN           
498916.275      647049.7229   -135.424     47.409    -0.018838    -0.975088     -0.221016                      NaN     -0.0488         NaN           
498917.275      651449.2052   -135.840     46.929    -0.016715    -0.976889     -0.213093                      NaN     -0.0488         NaN           
498918.275      655902.9435   -136.243     46.455    -0.014616    -0.978595     -0.205276                      NaN     -0.0489         NaN           
498919.275      660409.8394   -136.633     45.984    -0.012541    -0.980210     -0.197564                      NaN     -0.0490         NaN           
498920.275      664968.7984   -137.012     45.519    -0.010490    -0.981736     -0.189958                      NaN     -0.0491         NaN           
498921.275      669578.7561   -137.379     45.058    -0.008462    -0.983177     -0.182457                      NaN     -0.0492         NaN           
498922.275      674238.6612   -137.735     44.602    -0.006459    -0.984536     -0.175062                      NaN     -0.0492         NaN           
498923.275      678947.4799   -138.081     44.150    -0.004479    -0.985816     -0.167771                      NaN     -0.0493         NaN           
498924.275      683704.1962   -138.417     43.703    -0.002524    -0.987019     -0.160586                      NaN     -0.0494         NaN           
498925.275      688507.8164   -138.743     43.261    -0.000591    -0.988148     -0.153505                      NaN     -0.0494         NaN           
498926.275      693357.3514   -139.060     42.824     0.001317    -0.989206     -0.146528                      NaN     -0.0495         NaN           
498927.275      698251.8433   -139.368     42.391     0.003202    -0.990195     -0.139655                      NaN     -0.0495         NaN           
498928.275      703190.3477   -139.667     41.964     0.005064    -0.991119     -0.132884                      NaN     -0.0496         NaN           
498929.275      708171.9382   -139.958     41.541     0.006902    -0.991979     -0.126215                      NaN     -0.0496         NaN           
498930.275      713195.7025   -140.242     41.122     0.008718    -0.992778     -0.119648                      NaN     -0.0496         NaN           
498931.275      718260.7521   -140.518     40.709     0.010511    -0.993519     -0.113182                      NaN     -0.0497         NaN           
498932.275      723366.2219   -140.786     40.300     0.012281    -0.994203     -0.106815                      NaN     -0.0497         NaN           
498933.275      728511.2479   -141.047     39.895     0.014028    -0.994833     -0.100547                      NaN     -0.0497         NaN           
498934.275      733694.9938   -141.302     39.496     0.015753    -0.995412     -0.094377                      NaN     -0.0498         NaN           
498935.275      738916.6386   -141.550     39.101     0.017457    -0.995941     -0.088304                      NaN     -0.0498         NaN           
498936.275      744175.3785   -141.792     38.710     0.019138    -0.996422     -0.082328                      NaN     -0.0498         NaN           
498937.275      749470.4265   -142.028     38.324     0.020798    -0.996857     -0.076446                      NaN     -0.0498         NaN           
498938.275      754801.0169   -142.258     37.943     0.022437    -0.997248     -0.070658                      NaN     -0.0499         NaN           
498939.275      760166.3869   -142.482     37.566     0.024054    -0.997598     -0.064964                      NaN     -0.0499         NaN           
498940.275      765565.8034   -142.701     37.193     0.025651    -0.997907     -0.059361                      NaN     -0.0499         NaN           
498941.275      770998.5448   -142.914     36.825     0.027227    -0.998178     -0.053849                      NaN     -0.0499         NaN           
498942.275      776463.9052   -143.123     36.461     0.028782    -0.998412     -0.048427                      NaN     -0.0499         NaN           
498943.275      781961.1943   -143.326     36.101     0.030318    -0.998611     -0.043093                      NaN     -0.0499         NaN           
498944.275      787489.7415   -143.525     35.746     0.031834    -0.998776     -0.037847                      NaN     -0.0499         NaN           
498945.275      793048.8777   -143.719     35.394     0.033330    -0.998910     -0.032687                      NaN     -0.0499         NaN           
498946.275      798637.9621   -143.909     35.047     0.034807    -0.999013     -0.027612                      NaN     -0.0500         NaN           
498947.275      804256.3638   -144.095     34.704     0.036265    -0.999086     -0.022621                      NaN     -0.0500         NaN           
498948.275      809903.4660   -144.276     34.365     0.037704    -0.999132     -0.017713                      NaN     -0.0500         NaN           
498949.275      815578.6658   -144.453     34.030     0.039124    -0.999151     -0.012887                      NaN     -0.0500         NaN           
498950.275      821281.3743   -144.627     33.699     0.040527    -0.999145     -0.008141                      NaN     -0.0500         NaN           
498951.275      827011.0199   -144.796     33.371     0.041911    -0.999115     -0.003474                      NaN     -0.0500         NaN           
498952.275      832767.0313   -144.962     33.048     0.043278    -0.999062      0.001114                      NaN     -0.0500         NaN           
498953.275      838548.8630   -145.125     32.728     0.044627    -0.998988      0.005625                      NaN     -0.0499         NaN           
498954.275      844355.9778   -145.284     32.412     0.045960    -0.998893      0.010059                      NaN     -0.0499         NaN           
498955.275      850187.8508   -145.439     32.100     0.047275    -0.998778      0.014420                      NaN     -0.0499         NaN           
498956.275      856043.9690   -145.592     31.791     0.048574    -0.998644      0.018706                      NaN     -0.0499         NaN           
498957.275      861923.8358   -145.741     31.486     0.049856    -0.998493      0.022920                      NaN     -0.0499         NaN           
498958.275      867826.9528   -145.887     31.184     0.051122    -0.998326      0.027062                      NaN     -0.0499         NaN           
498959.275      873752.8461   -146.030     30.886     0.052372    -0.998142      0.031134                      NaN     -0.0499         NaN           
498960.275      879701.0442   -146.171     30.591     0.053607    -0.997944      0.035136                      NaN     -0.0499         NaN           
498961.275      885671.0936   -146.308     30.300     0.054826    -0.997731      0.039071                      NaN     -0.0499         NaN           
498962.275      891662.5527   -146.443     30.011     0.056030    -0.997505      0.042938                      NaN     -0.0499         NaN           
498963.275      897674.9890   -146.575     29.727     0.057219    -0.997267      0.046739                      NaN     -0.0499         NaN           
498964.275      903707.9659   -146.705     29.445     0.058394    -0.997017      0.050475                      NaN     -0.0499         NaN           
498965.275      909761.0720   -146.832     29.167     0.059554    -0.996755      0.054146                      NaN     -0.0498         NaN           
498966.275      915833.9009   -146.957     28.891     0.060700    -0.996484      0.057755                      NaN     -0.0498         NaN           
498967.275      921926.0556   -147.079     28.619     0.061832    -0.996202      0.061302                      NaN     -0.0498         NaN           
498968.275      928037.1484   -147.199     28.350     0.062951    -0.995912      0.064788                      NaN     -0.0498         NaN           
498969.275      934166.8003   -147.317     28.084     0.064056    -0.995612      0.068213                      NaN     -0.0498         NaN           
498970.275      940314.6454   -147.433     27.820     0.065147    -0.995305      0.071580                      NaN     -0.0498         NaN           
498971.275      946480.3132   -147.547     27.560     0.066226    -0.994990      0.074888                      NaN     -0.0497         NaN           
498972.275      952663.4545   -147.658     27.302     0.067292    -0.994669      0.078139                      NaN     -0.0497         NaN           
498973.275      958863.7241   -147.768     27.048     0.068345    -0.994341      0.081334                      NaN     -0.0497         NaN           
498974.275      965080.7844   -147.875     26.796     0.069386    -0.994007      0.084473                      NaN     -0.0497         NaN           
498975.275      971314.3055   -147.981     26.546     0.070415    -0.993668      0.087558                      NaN     -0.0497         NaN           
498976.275      977563.9694   -148.085     26.300     0.071431    -0.993323      0.090589                      NaN     -0.0497         NaN           
498977.275      983829.4525   -148.187     26.056     0.072436    -0.992974      0.093568                      NaN     -0.0496         NaN           
498978.275      990110.4512   -148.287     25.815     0.073429    -0.992621      0.096494                      NaN     -0.0496         NaN           
498979.275      996406.6645   -148.386     25.576     0.074411    -0.992264      0.099370                      NaN     -0.0496         NaN           
498980.275     1002717.7984   -148.482     25.340     0.075382    -0.991904      0.102195                      NaN     -0.0496         NaN           
498981.275     1009043.5653   -148.578     25.106     0.076342    -0.991541      0.104971                      NaN     -0.0496         NaN           
498982.275     1015383.6885   -148.671     24.874     0.077290    -0.991175      0.107698                      NaN     -0.0496         NaN           
498983.275     1021737.8845   -148.763     24.645     0.078229    -0.990806      0.110378                      NaN     -0.0495         NaN           
498984.275     1028105.8890   -148.854     24.419     0.079156    -0.990436      0.113010                      NaN     -0.0495         NaN           
498985.275     1034487.4395   -148.943     24.195     0.080074    -0.990063      0.115596                      NaN     -0.0495         NaN           
498986.275     1040882.2791   -149.030     23.973     0.080981    -0.989690      0.118137                      NaN     -0.0495         NaN           
498987.275     1047290.1566   -149.116     23.753     0.081879    -0.989315      0.120632                      NaN     -0.0495         NaN           
498988.275     1053710.8310   -149.201     23.536     0.082766    -0.988939      0.123084                      NaN     -0.0494         NaN           
498989.275     1060144.0533   -149.285     23.320     0.083644    -0.988562      0.125492                      NaN     -0.0494         NaN           
498990.275     1066589.5884   -149.367     23.107     0.084513    -0.988185      0.127857                      NaN     -0.0494         NaN           
498991.275     1073047.2101   -149.447     22.896     0.085372    -0.987808      0.130181                      NaN     -0.0494         NaN           
498992.275     1079516.6986   -149.527     22.687     0.086222    -0.987431      0.132463                      NaN     -0.0494         NaN           
498993.275     1085997.8323   -149.605     22.481     0.087063    -0.987054      0.134704                      NaN     -0.0494         NaN           
498994.275     1092490.3943   -149.682     22.276     0.087895    -0.986677      0.136905                      NaN     -0.0493         NaN           
498995.275     1098994.1784   -149.758     22.073     0.088719    -0.986301      0.139067                      NaN     -0.0493         NaN           
498996.275     1105508.9703   -149.833     21.872     0.089534    -0.985925      0.141191                      NaN     -0.0493         NaN           
498997.275     1112034.5728   -149.907     21.673     0.090340    -0.985551      0.143275                      NaN     -0.0493         NaN           
498998.275     1118570.7888   -149.979     21.476     0.091139    -0.985178      0.145323                      NaN     -0.0493         NaN           
498999.275     1125117.4256   -150.050     21.281     0.091929    -0.984806      0.147333                      NaN     -0.0492         NaN           
499000.275     1131674.2944   -150.121     21.088     0.092711    -0.984435      0.149307                      NaN     -0.0492         NaN           
499001.275     1138241.2147   -150.190     20.896     0.093485    -0.984066      0.151246                      NaN     -0.0492         NaN           
499002.275     1144817.9972   -150.258     20.707     0.094252    -0.983698      0.153148                      NaN     -0.0492         NaN           
499003.275     1151404.4690   -150.326     20.519     0.095011    -0.983333      0.155017                      NaN     -0.0492         NaN           
499004.275     1158000.4570   -150.392     20.333     0.095762    -0.982969      0.156851                      NaN     -0.0491         NaN           
499005.275     1164605.7914   -150.457     20.148     0.096506    -0.982607      0.158651                      NaN     -0.0491         NaN           
499006.275     1171220.3062   -150.522     19.965     0.097243    -0.982247      0.160418                      NaN     -0.0491         NaN           

758522.333     1160086.3858      3.890     20.495     0.381824    -0.078573     -0.920889                      NaN         NaN     -0.0921           
758523.333     1153688.6135      3.772     20.674     0.381426    -0.075629     -0.921301                      NaN         NaN     -0.0921           
758524.333     1147302.6292      3.651     20.855     0.381018    -0.072651     -0.921709                      NaN         NaN     -0.0922           
758525.333     1140928.6392      3.530     21.038     0.380600    -0.069638     -0.922114                      NaN         NaN     -0.0922           
758526.333     1134566.8541      3.406     21.222     0.380171    -0.066589     -0.922516                      NaN         NaN     -0.0923           
758527.333     1128217.4885      3.281     21.408     0.379732    -0.063504     -0.922914                      NaN         NaN     -0.0923           
758528.333     1121880.7619      3.154     21.595     0.379282    -0.060382     -0.923309                      NaN         NaN     -0.0923           
758529.333     1115556.8974      3.025     21.784     0.378821    -0.057223     -0.923699                      NaN         NaN     -0.0924           
758530.333     1109246.1242      2.895     21.975     0.378348    -0.054027     -0.924085                      NaN         NaN     -0.0924           
758531.333     1102948.6750      2.762     22.167     0.377864    -0.050792     -0.924467                      NaN         NaN     -0.0924           
758532.333     1096664.7875      2.627     22.361     0.377368    -0.047519     -0.924844                      NaN         NaN     -0.0925           
758533.333     1090394.7045      2.491     22.557     0.376859    -0.044206     -0.925215                      NaN         NaN     -0.0925           
758534.333     1084138.6738      2.352     22.755     0.376338    -0.040853     -0.925581                      NaN         NaN     -0.0926           
758535.333     1077896.9479      2.212     22.954     0.375804    -0.037460     -0.925942                      NaN         NaN     -0.0926           
758536.333     1071669.7857      2.069     23.155     0.375257    -0.034025     -0.926296                      NaN         NaN     -0.0926           
758537.333     1065457.4505      1.924     23.358     0.374696    -0.030549     -0.926644                      NaN         NaN     -0.0927           
758538.333     1059260.2113      1.777     23.563     0.374122    -0.027030     -0.926986                      NaN         NaN     -0.0927           
758539.333     1053078.3427      1.627     23.769     0.373533    -0.023468     -0.927320                      NaN         NaN     -0.0927           
758540.333     1046912.1253      1.476     23.978     0.372930    -0.019863     -0.927647                      NaN         NaN     -0.0928           
758541.333     1040761.8452      1.322     24.188     0.372313    -0.016214     -0.927966                      NaN         NaN     -0.0928           
758542.333     1034627.7951      1.165     24.400     0.371680    -0.012519     -0.928277                      NaN         NaN     -0.0928           
758543.333     1028510.2733      1.006     24.615     0.371031    -0.008780     -0.928579                      NaN         NaN     -0.0929           
758544.333     1022409.5846      0.845     24.831     0.370367    -0.004994     -0.928872                      NaN         NaN     -0.0929           
758545.333     1016326.0402      0.681     25.049     0.369687    -0.001161     -0.929156                      NaN         NaN     -0.0929           
758546.333     1010259.9578      0.514     25.269     0.368990     0.002720     -0.929430                      NaN         NaN     -0.0929           
758547.333     1004211.6620      0.345     25.492     0.368275     0.006648     -0.929693                      NaN         NaN     -0.0930           
758548.333      998181.4840      0.173     25.716     0.367544     0.010625     -0.929945                      NaN         NaN     -0.0930           
758549.333      992169.7623     -0.002     25.942     0.366795     0.014652     -0.930187                      NaN         NaN     -0.0930           
758550.333      986176.8462     -0.180     26.171     0.366027     0.018729     -0.930416                      NaN         NaN     -0.0930           
758551.333      980203.0807     -0.360     26.402     0.365241     0.022857     -0.930633                      NaN         NaN     -0.0931           
758552.333      974248.8299     -0.544     26.634     0.364435     0.027037     -0.930836                      NaN         NaN     -0.0931           
758553.333      968314.4618     -0.731     26.869     0.363610     0.031268     -0.931026                      NaN         NaN     -0.0931           
758554.333      962400.3521     -0.921     27.107     0.362765     0.035553     -0.931202                      NaN         NaN     -0.0931           
758555.333      956506.8843     -1.114     27.346     0.361899     0.039892     -0.931363                      NaN         NaN     -0.0931           
758556.333      950634.4503     -1.310     27.588     0.361013     0.044285     -0.931509                      NaN         NaN     -0.0932           
758557.333      944783.4499     -1.510     27.832     0.360105     0.048733     -0.931638                      NaN         NaN     -0.0932           
758558.333      938954.2918     -1.714     28.078     0.359174     0.053237     -0.931751                      NaN         NaN     -0.0932           
758559.333      933147.3930     -1.920     28.327     0.358222     0.057797     -0.931846                      NaN         NaN     -0.0932           
758560.333      927363.1796     -2.131     28.578     0.357246     0.062415     -0.931923                      NaN         NaN     -0.0932           
758561.333      921602.0860     -2.345     28.831     0.356246     0.067091     -0.931980                      NaN         NaN     -0.0932           
758562.333      915864.5563     -2.563     29.087     0.355223     0.071825     -0.932018                      NaN         NaN     -0.0932           
758563.333      910151.0439     -2.785     29.345     0.354175     0.076619     -0.932035                      NaN         NaN     -0.0932           
758564.333      904462.0115     -3.011     29.605     0.353101     0.081474     -0.932031                      NaN         NaN     -0.0932           
758565.333      898797.9316     -3.241     29.868     0.352002     0.086389     -0.932004                      NaN         NaN     -0.0932           
758566.333      893159.2870     -3.476     30.133     0.350876     0.091366     -0.931954                      NaN         NaN     -0.0932           
758567.333      887546.5689     -3.714     30.401     0.349722     0.096405     -0.931880                      NaN         NaN     -0.0932           
758568.333      881960.2804     -3.957     30.672     0.348542     0.101507     -0.931781                      NaN         NaN     -0.0932           
758569.333      876400.9343     -4.205     30.944     0.347332     0.106672     -0.931655                      NaN         NaN     -0.0932           
758570.333      870869.0541     -4.457     31.220     0.346094     0.111903     -0.931502                      NaN         NaN     -0.0932           
758571.333      865365.1738     -4.715     31.498     0.344826     0.117198     -0.931321                      NaN         NaN     -0.0931           
758572.333      859889.8385     -4.977     31.778     0.343528     0.122559     -0.931111                      NaN         NaN     -0.0931           
758573.333      854443.6050     -5.244     32.061     0.342199     0.127986     -0.930870                      NaN         NaN     -0.0931           
758574.333      849027.0392     -5.516     32.347     0.340837     0.133481     -0.930598                      NaN         NaN     -0.0931           
758575.333      843640.7206     -5.793     32.635     0.339444     0.139043     -0.930293                      NaN         NaN     -0.0930           
758576.333      838285.2394     -6.076     32.926     0.338017     0.144674     -0.929954                      NaN         NaN     -0.0930           
758577.333      832961.1976     -6.365     33.219     0.336556     0.150373     -0.929579                      NaN         NaN     -0.0930           
758578.333      827669.2091     -6.659     33.515     0.335061     0.156142     -0.929168                      NaN         NaN     -0.0929           
758579.333      822409.9007     -6.960     33.814     0.333530     0.161981     -0.928719                      NaN         NaN     -0.0929           
758580.333      817183.9122     -7.266     34.115     0.331963     0.167891     -0.928231                      NaN         NaN     -0.0928           
758581.333      811991.8877     -7.579     34.418     0.330359     0.173872     -0.927702                      NaN         NaN     -0.0928           
758582.333      806834.4934     -7.898     34.725     0.328717     0.179924     -0.927131                      NaN         NaN     -0.0927           
758583.333      801712.4048     -8.223     35.034     0.327037     0.186049     -0.926517                      NaN         NaN     -0.0927           
758584.333      796626.3097     -8.556     35.345     0.325317     0.192246     -0.925857                      NaN         NaN     -0.0926           
758585.333      791576.9099     -8.895     35.659     0.323557     0.198516     -0.925150                      NaN         NaN     -0.0925           
758586.333      786564.9168     -9.241     35.976     0.321755     0.204859     -0.924395                      NaN         NaN     -0.0924           
758587.333      781591.0577     -9.595     36.295     0.319912     0.211275     -0.923590                      NaN         NaN     -0.0924           
758588.333      776656.0722     -9.956     36.616     0.318026     0.217766     -0.922734                      NaN         NaN     -0.0923           
758589.333      771760.7127    -10.325     36.940     0.316097     0.224330     -0.921824                      NaN         NaN     -0.0922           
758590.333      766905.7445    -10.702     37.267     0.314123     0.230969     -0.920858                      NaN         NaN     -0.0921           
758591.333      762091.9477    -11.088     37.596     0.312104     0.237682     -0.919836                      NaN         NaN     -0.0920           
758592.333      757320.1112    -11.481     37.927     0.310038     0.244470     -0.918755                      NaN         NaN     -0.0919           
758593.333      752591.0408    -11.884     38.261     0.307926     0.251332     -0.917613                      NaN         NaN     -0.0918           
758594.333      747905.5545    -12.295     38.596     0.305765     0.258269     -0.916409                      NaN         NaN     -0.0916           
758595.333      743264.4826    -12.716     38.935     0.303555     0.265280     -0.915140                      NaN         NaN     -0.0915           
758596.333      738668.6689    -13.145     39.275     0.301296     0.272365     -0.913804                      NaN         NaN     -0.0914           
758597.333      734118.9695    -13.585     39.617     0.298986     0.279525     -0.912400                      NaN         NaN     -0.0912           
758598.333      729616.2551    -14.035     39.962     0.296625     0.286758     -0.910925                      NaN         NaN     -0.0911           
758599.333      725161.4036    -14.495     40.308     0.294211     0.294064     -0.909377                      NaN         NaN     -0.0909           
758600.333      720755.3104    -14.965     40.656     0.291744     0.301444     -0.907754                      NaN         NaN     -0.0908           
758601.333      716398.8811    -15.446     41.006     0.289223     0.308895     -0.906054                      NaN         NaN     -0.0906           
758602.333      712093.0332    -15.939     41.358     0.286648     0.316419     -0.904274                      NaN         NaN     -0.0904           
758603.333      707838.6957    -16.442     41.711     0.284016     0.324013     -0.902414                      NaN         NaN     -0.0902           
758604.333      703636.8108    -16.958     42.066     0.281328     0.331678     -0.900469                      NaN         NaN     -0.0900           
758605.333      699488.3255    -17.486     42.422     0.278582     0.339412     -0.898438                      NaN         NaN     -0.0898           
758606.333      695394.2034    -18.026     42.779     0.275778     0.347215     -0.896319                      NaN         NaN     -0.0896           
758607.333      691355.4158    -18.579     43.137     0.272915     0.355084     -0.894110                      NaN         NaN     -0.0894           
758608.333      687372.9437    -19.145     43.496     0.269992     0.363020     -0.891808                      NaN         NaN     -0.0892           
758609.333      683447.7772    -19.725     43.856     0.267009     0.371020     -0.889410                      NaN         NaN     -0.0889           
758610.333      679580.9195    -20.319     44.217     0.263965     0.379084     -0.886915                      NaN         NaN     -0.0887           
758611.333      675773.3670    -20.926     44.578     0.260859     0.387209     -0.884320                      NaN         NaN     -0.0884           
758612.333      672026.1382    -21.549     44.939     0.257691     0.395394     -0.881623                      NaN         NaN     -0.0882           
758613.333      668340.2529    -22.186     45.300     0.254460     0.403638     -0.878821                      NaN         NaN     -0.0879           
758614.333      664716.7368    -22.839     45.661     0.251165     0.411937     -0.875913                      NaN         NaN     -0.0876           
758615.333      661156.6203    -23.507     46.021     0.247806     0.420291     -0.872896                      NaN         NaN     -0.0873           
758616.333      657660.9380    -24.192     46.381     0.244382     0.428697     -0.869768                      NaN         NaN     -0.0870           
758617.333      654230.7305    -24.893     46.740     0.240893     0.437153     -0.866526                      NaN         NaN     -0.0867           
758672.300      591733.9241    -87.730     54.462    -0.031262     0.867355     -0.496707                  -0.0434         NaN         NaN           
758673.300      593141.7046    -88.929     54.247    -0.036736     0.872400     -0.487411                  -0.0436         NaN         NaN           
758674.300      594638.8595    -90.110     54.021    -0.042185     0.877294     -0.478096                  -0.0439         NaN         NaN           
758675.300      596224.7028    -91.271     53.785    -0.047604     0.882037     -0.468769                  -0.0441         NaN         NaN           
758676.300      597898.5333    -92.413     53.538    -0.052992     0.886630     -0.459433                  -0.0443         NaN         NaN           
758677.300      599659.6126    -93.535     53.281    -0.058348     0.891073     -0.450094                  -0.0446         NaN         NaN           
758678.300      601507.1724    -94.636     53.015    -0.063668     0.895366     -0.440756                  -0.0448         NaN         NaN           
758679.300      603440.4166    -95.717     52.740    -0.068951     0.899510     -0.431425                  -0.0450         NaN         NaN           
758680.300      605458.5226    -96.777     52.457    -0.074196     0.903506     -0.422103                  -0.0452         NaN         NaN           
758681.300      607560.6484    -97.816     52.166    -0.079401     0.907356     -0.412797                  -0.0454         NaN         NaN           
758682.300      609745.9116    -98.834     51.868    -0.084563     0.911059     -0.403510                  -0.0456         NaN         NaN           
758683.300      612013.4249    -99.831     51.563    -0.089682     0.914619     -0.394246                  -0.0457         NaN         NaN           
758684.300      614362.2753   -100.808     51.251    -0.094756     0.918035     -0.385009                  -0.0459         NaN         NaN           
758685.300      616791.5310   -101.763     50.933    -0.099785     0.921311     -0.375804                  -0.0461         NaN         NaN           
758686.300      619300.2434   -102.698     50.610    -0.104765     0.924448     -0.366634                  -0.0462         NaN         NaN           
758687.300      621887.4482   -103.612     50.281    -0.109697     0.927447     -0.357504                  -0.0464         NaN         NaN           
758688.300      624552.1728   -104.506     49.948    -0.114580     0.930311     -0.348415                  -0.0465         NaN         NaN           
758689.300      627293.4154   -105.380     49.610    -0.119411     0.933042     -0.339373                  -0.0467         NaN         NaN           
758690.300      630110.1801   -106.235     49.269    -0.124192     0.935642     -0.330379                  -0.0468         NaN         NaN           
758691.300      633001.4553   -107.069     48.924    -0.128920     0.938114     -0.321438                  -0.0469         NaN         NaN           
758692.300      635966.2218   -107.885     48.575    -0.133594     0.940459     -0.312553                  -0.0470         NaN         NaN           
758693.300      639003.4534   -108.682     48.224    -0.138216     0.942681     -0.303725                  -0.0471         NaN         NaN           
758694.300      642112.1182   -109.460     47.870    -0.142783     0.944782     -0.294958                  -0.0472         NaN         NaN           
758695.300      645291.1865   -110.220     47.514    -0.147295     0.946764     -0.286254                  -0.0473         NaN         NaN           
758696.300      648539.6080   -110.962     47.157    -0.151752     0.948631     -0.277616                  -0.0474         NaN         NaN           
758697.300      651856.3478   -111.687     46.797    -0.156154     0.950384     -0.269046                  -0.0475         NaN         NaN           
758698.300      655240.3648   -112.395     46.437    -0.160499     0.952027     -0.260546                  -0.0476         NaN         NaN           
758699.300      658690.6183   -113.086     46.075    -0.164789     0.953562     -0.252118                  -0.0477         NaN         NaN           
758700.300      662206.0684   -113.761     45.712    -0.169023     0.954992     -0.243763                  -0.0477         NaN         NaN           
758701.300      665785.6800   -114.420     45.349    -0.173201     0.956320     -0.235484                  -0.0478         NaN         NaN           
758702.300      669428.4246   -115.063     44.986    -0.177322     0.957549     -0.227283                  -0.0479         NaN         NaN           
758703.300      673133.2618   -115.692     44.623    -0.181388     0.958680     -0.219159                  -0.0479         NaN         NaN           
758704.300      676899.1735   -116.305     44.259    -0.185397     0.959718     -0.211116                  -0.0480         NaN         NaN           
758705.300      680725.1425   -116.905     43.897    -0.189350     0.960664     -0.203153                  -0.0480         NaN         NaN           
758706.300      684610.1563   -117.490     43.534    -0.193248     0.961522     -0.195273                  -0.0481         NaN         NaN           
758707.300      688553.2111   -118.061     43.173    -0.197090     0.962293     -0.187476                  -0.0481         NaN         NaN           
758708.300      692553.3119   -118.620     42.812    -0.200877     0.962982     -0.179762                  -0.0481         NaN         NaN           
758709.300      696609.4769   -119.165     42.452    -0.204610     0.963590     -0.172133                  -0.0482         NaN         NaN           
758710.300      700720.7161   -119.698     42.093    -0.208287     0.964120     -0.164589                  -0.0482         NaN         NaN           
758711.300      704886.0673   -120.219     41.736    -0.211911     0.964574     -0.157131                  -0.0482         NaN         NaN           
758712.300      709104.5717   -120.727     41.380    -0.215481     0.964956     -0.149760                  -0.0482         NaN         NaN           
758713.300      713375.2817   -121.224     41.026    -0.218997     0.965267     -0.142474                  -0.0483         NaN         NaN           
758714.300      717697.2604   -121.710     40.673    -0.222461     0.965511     -0.135276                  -0.0483         NaN         NaN           
758715.300      722069.5821   -122.185     40.322    -0.225873     0.965689     -0.128164                  -0.0483         NaN         NaN           
758716.300      726491.3386   -122.649     39.973    -0.229232     0.965804     -0.121140                  -0.0483         NaN         NaN           
758717.300      730961.6163   -123.103     39.626    -0.232541     0.965858     -0.114203                  -0.0483         NaN         NaN           
758718.300      735479.5310   -123.546     39.281    -0.235799     0.965854     -0.107352                  -0.0483         NaN         NaN           
758719.300      740044.2044   -123.980     38.938    -0.239007     0.965794     -0.100589                  -0.0483         NaN         NaN           
758720.300      744654.7718   -124.405     38.597    -0.242166     0.965679     -0.093912                  -0.0483         NaN         NaN           
758721.300      749310.3811   -124.820     38.258    -0.245276     0.965513     -0.087322                  -0.0483         NaN         NaN           
758722.300      754010.1916   -125.226     37.922    -0.248338     0.965296     -0.080818                  -0.0483         NaN         NaN           
758723.300      758753.3774   -125.623     37.588    -0.251352     0.965032     -0.074400                  -0.0483         NaN         NaN           
758724.300      763539.1302   -126.012     37.256    -0.254319     0.964722     -0.068068                  -0.0482         NaN         NaN           
758725.300      768366.6363   -126.392     36.927    -0.257241     0.964368     -0.061820                  -0.0482         NaN         NaN           
758726.300      773235.1148   -126.765     36.600    -0.260116     0.963972     -0.055658                  -0.0482         NaN         NaN           
758727.300      778143.7916   -127.129     36.276    -0.262947     0.963536     -0.049579                  -0.0482         NaN         NaN           
758728.300      783091.9042   -127.486     35.954    -0.265734     0.963061     -0.043583                  -0.0482         NaN         NaN           
758729.300      788078.7040   -127.836     35.634    -0.268477     0.962549     -0.037671                  -0.0481         NaN         NaN           
758730.300      793103.4549   -128.178     35.318    -0.271177     0.962003     -0.031840                  -0.0481         NaN         NaN           
758731.300      798165.4413   -128.513     35.004    -0.273835     0.961423     -0.026091                  -0.0481         NaN         NaN           
758732.300      803263.9408   -128.842     34.692    -0.276452     0.960811     -0.020423                  -0.0480         NaN         NaN           
758733.300      808398.2626   -129.163     34.383    -0.279028     0.960168     -0.014836                  -0.0480         NaN         NaN           
758734.300      813567.7223   -129.479     34.077    -0.281563     0.959497     -0.009327                  -0.0480         NaN         NaN           
758735.300      818771.6482   -129.788     33.773    -0.284060     0.958799     -0.003898                  -0.0479         NaN         NaN           
758736.300      824009.3813   -130.091     33.472    -0.286517     0.958074      0.001454                  -0.0479         NaN         NaN           
758737.300      829280.2746   -130.388     33.173    -0.288937     0.957325      0.006729                  -0.0479         NaN         NaN           
758738.300      834583.6997   -130.679     32.877    -0.291319     0.956552      0.011927                  -0.0478         NaN         NaN           
758739.300      839919.0223   -130.964     32.584    -0.293664     0.955757      0.017050                  -0.0478         NaN         NaN           
758740.300      845285.6379   -131.244     32.293    -0.295973     0.954941      0.022099                  -0.0477         NaN         NaN           
758741.300      850682.9479   -131.519     32.005    -0.298246     0.954105      0.027073                  -0.0477         NaN         NaN           
758742.300      856110.3652   -131.788     31.720    -0.300485     0.953250      0.031975                  -0.0477         NaN         NaN           
758743.300      861567.3146   -132.052     31.437    -0.302689     0.952378      0.036804                  -0.0476         NaN         NaN           
758744.300      867053.2319   -132.311     31.156    -0.304860     0.951490      0.041563                  -0.0476         NaN         NaN           
758745.300      872567.5700   -132.566     30.879    -0.306998     0.950586      0.046251                  -0.0475         NaN         NaN           
758746.300      878109.7754   -132.816     30.603    -0.309103     0.949667      0.050869                  -0.0475         NaN         NaN           
758747.300      883679.3229   -133.061     30.331    -0.311177     0.948735      0.055419                  -0.0474         NaN         NaN           
758748.300      889275.6921   -133.301     30.060    -0.313220     0.947790      0.059901                  -0.0474         NaN         NaN           
758749.300      894898.3731   -133.538     29.793    -0.315232     0.946833      0.064316                  -0.0473         NaN         NaN           
758750.300      900546.8665   -133.770     29.528    -0.317213     0.945865      0.068665                  -0.0473         NaN         NaN           
758751.300      906220.6827   -133.998     29.265    -0.319166     0.944887      0.072949                  -0.0472         NaN         NaN           
758752.300      911919.3481   -134.221     29.005    -0.321090     0.943900      0.077169                  -0.0472         NaN         NaN           
758753.300      917642.3815   -134.441     28.747    -0.322985     0.942903      0.081325                  -0.0471         NaN         NaN           
758754.300      923389.3286   -134.657     28.491    -0.324852     0.941899      0.085419                  -0.0471         NaN         NaN           
758755.300      929159.7389   -134.870     28.238    -0.326693     0.940888      0.089451                  -0.0470         NaN         NaN           
758756.300      934953.1709   -135.078     27.987    -0.328506     0.939870      0.093422                  -0.0470         NaN         NaN           
758757.300      940769.1925   -135.283     27.739    -0.330294     0.938846      0.097334                  -0.0469         NaN         NaN           
758758.300      946607.3803   -135.485     27.493    -0.332055     0.937817      0.101186                  -0.0469         NaN         NaN           
758759.300      952467.3253   -135.683     27.249    -0.333792     0.936783      0.104980                  -0.0468         NaN         NaN           
758760.300      958348.6096   -135.877     27.008    -0.335503     0.935745      0.108716                  -0.0468         NaN         NaN           
758761.300      964250.8423   -136.069     26.769    -0.337191     0.934703      0.112396                  -0.0467         NaN         NaN           
758762.300      970173.6335   -136.257     26.532    -0.338855     0.933658      0.116020                  -0.0467         NaN         NaN           
758763.300      976116.6018   -136.442     26.297    -0.340495     0.932610      0.119588                  -0.0466         NaN         NaN           
758764.300      982079.3738   -136.625     26.064    -0.342113     0.931560      0.123103                  -0.0466         NaN         NaN           
758765.300      988061.5838   -136.804     25.834    -0.343708     0.930509      0.126564                  -0.0465         NaN         NaN           
758766.300      994062.8794   -136.980     25.606    -0.345282     0.929456      0.129972                  -0.0465         NaN         NaN           
758767.300     1000082.8983   -137.154     25.379    -0.346833     0.928402      0.133329                  -0.0464         NaN         NaN           
758768.300     1006121.3030   -137.324     25.155    -0.348364     0.927348      0.136634                  -0.0464         NaN         NaN           
758769.300     1012177.7571   -137.492     24.933    -0.349874     0.926293      0.139889                  -0.0463         NaN         NaN           
758770.300     1018251.9311   -137.658     24.713    -0.351364     0.925239      0.143094                  -0.0463         NaN         NaN           
758771.300     1024343.5026   -137.820     24.495    -0.352834     0.924186      0.146250                  -0.0462         NaN         NaN           
758772.300     1030452.1556   -137.981     24.279    -0.354284     0.923133      0.149358                  -0.0462         NaN         NaN           
758773.300     1036577.5865   -138.138     24.065    -0.355716     0.922082      0.152419                  -0.0461         NaN         NaN           
758774.300     1042719.4809   -138.294     23.853    -0.357128     0.921032      0.155433                  -0.0461         NaN         NaN           
758775.300     1048877.5478   -138.447     23.643    -0.358523     0.919984      0.158400                  -0.0460         NaN         NaN           
758776.300     1055051.4966   -138.597     23.435    -0.359899     0.918938      0.161323                  -0.0459         NaN         NaN           
758777.300     1061241.0426   -138.746     23.229    -0.361258     0.917895      0.164200                  -0.0459         NaN         NaN           
758778.300     1067445.9069   -138.892     23.024    -0.362599     0.916854      0.167034                  -0.0458         NaN         NaN           
758779.300     1073665.8166   -139.036     22.821    -0.363923     0.915816      0.169824                  -0.0458         NaN         NaN           
758780.300     1079900.5096   -139.177     22.621    -0.365231     0.914782      0.172571                  -0.0457         NaN         NaN           
758781.300     1086149.7129   -139.317     22.421    -0.366523     0.913750      0.175277                  -0.0457         NaN         NaN           
758782.300     1092413.1752   -139.455     22.224    -0.367798     0.912722      0.177940                  -0.0456         NaN         NaN           
758783.300     1098690.6452   -139.591     22.029    -0.369058     0.911698      0.180563                  -0.0456         NaN         NaN           
758784.300     1104981.8765   -139.724     21.835    -0.370302     0.910678      0.183146                  -0.0455         NaN         NaN           
758785.300     1111286.6277   -139.856     21.643    -0.371532     0.909661      0.185689                  -0.0455         NaN         NaN           
758786.300     1117604.6625   -139.986     21.452    -0.372746     0.908649      0.188193                  -0.0454         NaN         NaN           
758787.300     1123935.7545   -140.114     21.263    -0.373947     0.907642      0.190659                  -0.0454         NaN         NaN           
758788.300     1130279.6659   -140.240     21.076    -0.375133     0.906638      0.193086                  -0.0453         NaN         NaN           
758789.300     1136636.1796   -140.365     20.891    -0.376305     0.905640      0.195477                  -0.0453         NaN         NaN           
758790.300     1143005.0769   -140.488     20.707    -0.377463     0.904646      0.197830                  -0.0452         NaN         NaN           
758791.300     1149386.1458   -140.609     20.524    -0.378608     0.903658      0.200147                  -0.0452         NaN         NaN           
758792.300     1155779.1762   -140.728     20.344    -0.379739     0.902674      0.202429                  -0.0451         NaN         NaN           
758793.300     1162183.9628   -140.846     20.164    -0.380858     0.901696      0.204675                  -0.0451         NaN         NaN           
758794.300     1168600.3101   -140.962     19.987    -0.381965     0.900722      0.206887                  -0.0450         NaN         NaN   

843276.351      987039.7662     19.491     26.106     0.272125     0.404043     -0.873325                      NaN         NaN     -0.0873           
843277.351      980651.1331     19.533     26.352     0.271299     0.400570     -0.875181                      NaN         NaN     -0.0875           
843278.351      974276.3722     19.576     26.601     0.270458     0.397048     -0.877043                      NaN         NaN     -0.0877           
843279.351      967915.7664     19.619     26.853     0.269604     0.393477     -0.878914                      NaN         NaN     -0.0879           
843280.351      961569.6051     19.663     27.108     0.268735     0.389856     -0.880792                      NaN         NaN     -0.0881           
843281.351      955238.1848     19.708     27.365     0.267851     0.386182     -0.882677                      NaN         NaN     -0.0883           
843282.351      948921.8065     19.753     27.626     0.266953     0.382457     -0.884569                      NaN         NaN     -0.0885           
843283.351      942620.7867     19.800     27.889     0.266039     0.378678     -0.886469                      NaN         NaN     -0.0886           
843284.351      936335.4412     19.847     28.156     0.265109     0.374844     -0.888374                      NaN         NaN     -0.0888           
843285.351      930066.0963     19.895     28.426     0.264162     0.370955     -0.890287                      NaN         NaN     -0.0890           
843286.351      923813.0863     19.943     28.699     0.263200     0.367009     -0.892205                      NaN         NaN     -0.0892           
843287.351      917576.7537     19.993     28.975     0.262220     0.363006     -0.894129                      NaN         NaN     -0.0894           
843288.351      911357.4465     20.043     29.255     0.261223     0.358944     -0.896059                      NaN         NaN     -0.0896           
843289.351      905155.5298     20.095     29.538     0.260208     0.354821     -0.897994                      NaN         NaN     -0.0898           
843290.351      898971.3692     20.147     29.824     0.259175     0.350638     -0.899934                      NaN         NaN     -0.0900           
843291.351      892805.3420     20.200     30.114     0.258124     0.346392     -0.901878                      NaN         NaN     -0.0902           
843292.351      886657.8350     20.254     30.408     0.257053     0.342083     -0.903827                      NaN         NaN     -0.0904           
843293.351      880529.2446     20.309     30.705     0.255963     0.337709     -0.905779                      NaN         NaN     -0.0906           
843294.351      874419.9740     20.366     31.006     0.254853     0.333269     -0.907734                      NaN         NaN     -0.0908           
843295.351      868330.4451     20.423     31.311     0.253723     0.328762     -0.909692                      NaN         NaN     -0.0910           
843296.351      862261.0816     20.481     31.619     0.252572     0.324186     -0.911653                      NaN         NaN     -0.0912           
843297.351      856212.3206     20.541     31.931     0.251399     0.319541     -0.913615                      NaN         NaN     -0.0914           
843298.351      850184.6103     20.602     32.247     0.250205     0.314824     -0.915578                      NaN         NaN     -0.0916           
843299.351      844178.4098     20.664     32.568     0.248988     0.310035     -0.917542                      NaN         NaN     -0.0918           
843300.351      838194.1936     20.727     32.892     0.247748     0.305172     -0.919506                      NaN         NaN     -0.0920           
843301.351      832232.4337     20.791     33.221     0.246485     0.300233     -0.921469                      NaN         NaN     -0.0921           
843302.351      826293.6339     20.857     33.553     0.245197     0.295218     -0.923431                      NaN         NaN     -0.0923           
843303.351      820378.2982     20.925     33.890     0.243885     0.290125     -0.925390                      NaN         NaN     -0.0925           
843304.351      814486.9460     20.993     34.232     0.242548     0.284953     -0.927347                      NaN         NaN     -0.0927           
843305.351      808620.1096     21.063     34.578     0.241185     0.279699     -0.929300                      NaN         NaN     -0.0929           
843306.351      802778.3347     21.135     34.928     0.239796     0.274363     -0.931248                      NaN         NaN     -0.0931           
843307.351      796962.1777     21.208     35.283     0.238380     0.268942     -0.933191                      NaN         NaN     -0.0933           
843308.351      791172.2172     21.283     35.643     0.236936     0.263436     -0.935127                      NaN         NaN     -0.0935           
843309.351      785409.0378     21.360     36.008     0.235463     0.257843     -0.937056                      NaN         NaN     -0.0937           
843310.351      779673.2414     21.438     36.377     0.233962     0.252162     -0.938976                      NaN         NaN     -0.0939           
843311.351      773965.4447     21.519     36.751     0.232432     0.246390     -0.940887                      NaN         NaN     -0.0941           
843312.351      768286.2797     21.601     37.131     0.230870     0.240526     -0.942786                      NaN         NaN     -0.0943           
843313.351      762636.3914     21.685     37.515     0.229278     0.234568     -0.944674                      NaN         NaN     -0.0945           
843314.351      757016.4486     21.771     37.905     0.227655     0.228516     -0.946548                      NaN         NaN     -0.0947           
843315.351      751427.1282     21.859     38.300     0.225998     0.222367     -0.948408                      NaN         NaN     -0.0948           
843316.351      745869.1265     21.950     38.700     0.224309     0.216120     -0.950251                      NaN         NaN     -0.0950           
843317.351      740343.1566     22.042     39.106     0.222586     0.209772     -0.952077                      NaN         NaN     -0.0952           
843318.351      734849.9489     22.138     39.517     0.220828     0.203323     -0.953884                      NaN         NaN     -0.0954           
843319.351      729390.2488     22.235     39.934     0.219034     0.196771     -0.955670                      NaN         NaN     -0.0956           
843320.351      723964.8273     22.335     40.357     0.217204     0.190114     -0.957433                      NaN         NaN     -0.0957           
843321.351      718574.4658     22.438     40.785     0.215338     0.183351     -0.959173                      NaN         NaN     -0.0959           
843322.351      713219.9668     22.544     41.219     0.213433     0.176479     -0.960886                      NaN         NaN     -0.0961           
843323.351      707902.1517     22.653     41.659     0.211490     0.169497     -0.962571                      NaN         NaN     -0.0963           
843324.351      702621.8609     22.765     42.106     0.209507     0.162405     -0.964226                      NaN         NaN     -0.0964           
843325.351      697379.9542     22.879     42.558     0.207484     0.155199     -0.965849                      NaN         NaN     -0.0966           
843326.351      692177.3086     22.998     43.017     0.205419     0.147878     -0.967437                      NaN         NaN     -0.0967           
843327.351      687014.8287     23.119     43.482     0.203313     0.140442     -0.968989                      NaN         NaN     -0.0969           
843328.351      681893.4314     23.245     43.953     0.201164     0.132888     -0.970502                      NaN         NaN     -0.0971           
843329.351      676814.0567     23.374     44.431     0.198971     0.125215     -0.971973                      NaN         NaN     -0.0972           
843330.351      671777.6681     23.507     44.915     0.196733     0.117421     -0.973400                      NaN         NaN     -0.0973           
843331.351      666785.2405     23.645     45.406     0.194450     0.109505     -0.974781                      NaN         NaN     -0.0975           
843332.351      661837.7766     23.786     45.904     0.192120     0.101467     -0.976112                      NaN         NaN     -0.0976           
843333.351      656936.3045     23.933     46.409     0.189744     0.093303     -0.977390                      NaN         NaN     -0.0977           
843334.351      652081.8658     24.084     46.920     0.187319     0.085014     -0.978613                      NaN         NaN     -0.0979           
843335.351      647275.5258     24.241     47.439     0.184845     0.076598     -0.979778                      NaN         NaN     -0.0980           
843336.351      642518.3707     24.402     47.964     0.182321     0.068053     -0.980881                      NaN         NaN     -0.0981           
843337.351      637811.5081     24.570     48.497     0.179747     0.059380     -0.981919                      NaN         NaN     -0.0982           
843338.351      633156.0638     24.743     49.036     0.177121     0.050577     -0.982889                      NaN         NaN     -0.0983           
843339.351      628553.1922     24.923     49.583     0.174443     0.041643     -0.983786                      NaN         NaN     -0.0984           
843340.351      624004.0608     25.109     50.138     0.171712     0.032577     -0.984608                      NaN         NaN     -0.0985           
843341.351      619509.8603     25.303     50.699     0.168927     0.023379     -0.985351                      NaN         NaN     -0.0985           
843342.351      615071.8011     25.504     51.268     0.166087     0.014049     -0.986011                      NaN         NaN     -0.0986           
843343.351      610691.1139     25.712     51.844     0.163192     0.004586     -0.986584                      NaN         NaN     -0.0987           
843344.351      606369.0486     25.930     52.428     0.160240    -0.005011     -0.987065                      NaN         NaN     -0.0987           
843345.351      602106.8715     26.156     53.019     0.157232    -0.014740     -0.987452                      NaN         NaN     -0.0987           
843346.351      597905.8746     26.391     53.617     0.154166    -0.024603     -0.987739                      NaN         NaN     -0.0988           
843347.351      593767.3602     26.637     54.224     0.151043    -0.034598     -0.987922                      NaN         NaN     -0.0988           
843348.351      589692.6501     26.893     54.837     0.147860    -0.044726     -0.987996                      NaN         NaN     -0.0988           
843349.351      585683.0819     27.161     55.458     0.144618    -0.054986     -0.987959                      NaN         NaN     -0.0988           
843350.351      581740.0088     27.440     56.087     0.141317    -0.065376     -0.987803                      NaN         NaN     -0.0988           
843351.351      577864.7954     27.733     56.723     0.137956    -0.075896     -0.987526                      NaN         NaN     -0.0988           
843352.351      574058.8267     28.040     57.366     0.134534    -0.086545     -0.987122                      NaN         NaN     -0.0987           
843353.351      570323.4923     28.363     58.016     0.131052    -0.097320     -0.986587                      NaN         NaN     -0.0987           
843354.351      566660.1948     28.701     58.674     0.127508    -0.108221     -0.985916                      NaN         NaN     -0.0986           
843355.351      563070.3457     29.056     59.339     0.123904    -0.119244     -0.985103                      NaN         NaN     -0.0985           
843356.351      559555.3642     29.431     60.011     0.120238    -0.130389     -0.984145                      NaN         NaN     -0.0984           
843357.351      556116.6732     29.826     60.690     0.116512    -0.141652     -0.983036                      NaN         NaN     -0.0983           
843358.351      552755.7063     30.242     61.375     0.112724    -0.153030     -0.981771                      NaN         NaN     -0.0982           
843359.351      549473.8927     30.683     62.067     0.108876    -0.164521     -0.980346                      NaN         NaN     -0.0980           
843360.351      546272.6662     31.149     62.766     0.104967    -0.176121     -0.978756                      NaN         NaN     -0.0979           
843361.351      543153.4525     31.644     63.470     0.100998    -0.187826     -0.976996                      NaN         NaN     -0.0977           
843362.351      540117.6797     32.169     64.181     0.096969    -0.199632     -0.975061                      NaN         NaN     -0.0975           
843363.351      537166.7673     32.728     64.897     0.092881    -0.211535     -0.972947                      NaN         NaN     -0.0973           
843364.351      534302.1239     33.324     65.618     0.088736    -0.223530     -0.970649                      NaN         NaN     -0.0971           
843365.351      531525.1533     33.961     66.344     0.084532    -0.235613     -0.968164                      NaN         NaN     -0.0968           
843366.351      528837.2391     34.642     67.075     0.080273    -0.247777     -0.965486                      NaN         NaN     -0.0965           
843367.351      526239.7503     35.373     67.809     0.075958    -0.260018     -0.962611                      NaN         NaN     -0.0963           
843368.351      523734.0366     36.159     68.547     0.071589    -0.272330     -0.959537                      NaN         NaN     -0.0960           
843369.351      521321.4256     37.006     69.287     0.067167    -0.284706     -0.956259                      NaN         NaN     -0.0956           
843370.351      519003.2178     37.920     70.029     0.062694    -0.297140     -0.952773                      NaN         NaN     -0.0953           
843371.351      516780.6916     38.911     70.773     0.058171    -0.309625     -0.949078                      NaN         NaN     -0.0949           
843372.351      514655.0884     39.987     71.516     0.053600    -0.322155     -0.945168                      NaN         NaN     -0.0945           
843373.351      512627.6177     41.159     72.259     0.048983    -0.334721     -0.941043                      NaN         NaN     -0.0941           
843374.351      510699.4519     42.439     73.000     0.044323    -0.347316     -0.936700                      NaN         NaN     -0.0937           
843375.351      508871.7232     43.843     73.737     0.039620    -0.359932     -0.932137                      NaN         NaN     -0.0932           
843376.351      507145.5193     45.385     74.469     0.034877    -0.372562     -0.927352                      NaN         NaN     -0.0927           
843377.351      505521.8869     47.086     75.194     0.030098    -0.385197     -0.922343                      NaN         NaN     -0.0922           
843378.351      504001.8186     48.969     75.909     0.025283    -0.397829     -0.917111                      NaN         NaN     -0.0917           
843379.351      502586.2573     51.058     76.612     0.020436    -0.410448     -0.911655                      NaN         NaN     -0.0912           
843380.351      501276.0910     53.384     77.300     0.015560    -0.423047     -0.905974                      NaN         NaN     -0.0906           
843381.351      500072.1509     55.980     77.968     0.010658    -0.435617     -0.900069                      NaN         NaN     -0.0900           
843382.351      498975.2070     58.884     78.612     0.005731    -0.448148     -0.893941                      NaN         NaN     -0.0894           
843383.351      497985.9720     62.137     79.227     0.000784    -0.460631     -0.887591                      NaN         NaN     -0.0888           
843384.351      497105.0896     65.779     79.806    -0.004181    -0.473058     -0.881021                      NaN         NaN     -0.0881           
843385.351      496333.1390     69.850     80.341    -0.009160    -0.485420     -0.874233                      NaN         NaN     -0.0874           
843386.351      495670.6311     74.382     80.825    -0.014150    -0.497708     -0.867229                      NaN         NaN     -0.0867           
843440.976      613525.1602   -174.352     51.172    -0.229887    -0.912737     -0.337733                      NaN     -0.0456         NaN           
843441.976      617944.6454   -174.151     50.600    -0.232194    -0.915446     -0.328701                      NaN     -0.0458         NaN           
843442.976      622420.7685   -173.958     50.036    -0.234447    -0.918032     -0.319768                      NaN     -0.0459         NaN           
843443.976      626952.3125   -173.771     49.479    -0.236647    -0.920498     -0.310936                      NaN     -0.0460         NaN           
843444.976      631538.0784   -173.592     48.929    -0.238794    -0.922849     -0.302205                      NaN     -0.0461         NaN           
843445.976      636176.8892   -173.418     48.386    -0.240889    -0.925087     -0.293575                      NaN     -0.0463         NaN           
843446.976      640867.5882   -173.251     47.851    -0.242933    -0.927217     -0.285047                      NaN     -0.0464         NaN           
843447.976      645609.0395   -173.089     47.323    -0.244929    -0.929242     -0.276622                      NaN     -0.0465         NaN           
843448.976      650400.1279   -172.933     46.801    -0.246876    -0.931165     -0.268299                      NaN     -0.0466         NaN           
843449.976      655239.7604   -172.781     46.287    -0.248775    -0.932990     -0.260079                      NaN     -0.0466         NaN           
843450.976      660126.8597   -172.635     45.780    -0.250628    -0.934720     -0.251962                      NaN     -0.0467         NaN           
843451.976      665060.3803   -172.493     45.280    -0.252436    -0.936358     -0.243947                      NaN     -0.0468         NaN           
843452.976      670039.2888   -172.356     44.786    -0.254200    -0.937907     -0.236035                      NaN     -0.0469         NaN           
843453.976      675062.5756   -172.223     44.299    -0.255920    -0.939371     -0.228225                      NaN     -0.0470         NaN           
843454.976      680129.2519   -172.094     43.818    -0.257598    -0.940753     -0.220517                      NaN     -0.0470         NaN           
843455.976      685238.3497   -171.968     43.345    -0.259235    -0.942055     -0.212910                      NaN     -0.0471         NaN           
843456.976      690388.9225   -171.847     42.877    -0.260831    -0.943280     -0.205404                      NaN     -0.0472         NaN           
843457.976      695580.0417   -171.729     42.416    -0.262388    -0.944431     -0.197998                      NaN     -0.0472         NaN           
843458.976      700810.8012   -171.614     41.961    -0.263907    -0.945510     -0.190692                      NaN     -0.0473         NaN           
843459.976      706080.3145   -171.502     41.512    -0.265388    -0.946521     -0.183484                      NaN     -0.0473         NaN           
843460.976      711387.7146   -171.394     41.070    -0.266833    -0.947466     -0.176375                      NaN     -0.0474         NaN           
843461.976      716732.1538   -171.288     40.633    -0.268242    -0.948347     -0.169362                      NaN     -0.0474         NaN           
843462.976      722112.8051   -171.185     40.203    -0.269617    -0.949167     -0.162447                      NaN     -0.0475         NaN           
843463.976      727528.8569   -171.085     39.778    -0.270957    -0.949928     -0.155626                      NaN     -0.0475         NaN           
843464.976      732979.5194   -170.988     39.359    -0.272265    -0.950632     -0.148900                      NaN     -0.0475         NaN           
843465.976      738464.0203   -170.893     38.945    -0.273541    -0.951281     -0.142268                      NaN     -0.0476         NaN           
843466.976      743981.6051   -170.800     38.537    -0.274785    -0.951878     -0.135728                      NaN     -0.0476         NaN           
843467.976      749531.5370   -170.710     38.135    -0.275998    -0.952424     -0.129280                      NaN     -0.0476         NaN           
843468.976      755113.0977   -170.622     37.738    -0.277182    -0.952922     -0.122923                      NaN     -0.0476         NaN           
843469.976      760725.5826   -170.536     37.346    -0.278337    -0.953373     -0.116655                      NaN     -0.0477         NaN           
843470.976      766368.3070   -170.452     36.960    -0.279464    -0.953779     -0.110475                      NaN     -0.0477         NaN           
843471.976      772040.6015   -170.370     36.579    -0.280563    -0.954143     -0.104382                      NaN     -0.0477         NaN           
843472.976      777741.8129   -170.290     36.202    -0.281635    -0.954465     -0.098376                      NaN     -0.0477         NaN           
843473.976      783471.3034   -170.212     35.831    -0.282682    -0.954748     -0.092455                      NaN     -0.0477         NaN           
843474.976      789228.4519   -170.135     35.465    -0.283703    -0.954992     -0.086618                      NaN     -0.0477         NaN           
843475.976      795012.6487   -170.061     35.103    -0.284699    -0.955200     -0.080864                      NaN     -0.0478         NaN           
843476.976      800823.3022   -169.988     34.746    -0.285671    -0.955373     -0.075191                      NaN     -0.0478         NaN           
843477.976      806659.8343   -169.916     34.394    -0.286620    -0.955513     -0.069599                      NaN     -0.0478         NaN           
843478.976      812521.6806   -169.846     34.046    -0.287546    -0.955620     -0.064087                      NaN     -0.0478         NaN           
843479.976      818408.2905   -169.778     33.703    -0.288450    -0.955697     -0.058653                      NaN     -0.0478         NaN           
843480.976      824319.1210   -169.711     33.364    -0.289332    -0.955744     -0.053296                      NaN     -0.0478         NaN           
843481.976      830253.6594   -169.645     33.030    -0.290193    -0.955763     -0.048015                      NaN     -0.0478         NaN           
843482.976      836211.3890   -169.581     32.700    -0.291034    -0.955754     -0.042809                      NaN     -0.0478         NaN           
843483.976      842191.8105   -169.518     32.374    -0.291855    -0.955720     -0.037677                      NaN     -0.0478         NaN           
843484.976      848194.4372   -169.456     32.052    -0.292656    -0.955661     -0.032618                      NaN     -0.0478         NaN           
843485.976      854218.7940   -169.396     31.734    -0.293438    -0.955579     -0.027631                      NaN     -0.0478         NaN           
843486.976      860264.4177   -169.336     31.420    -0.294202    -0.955473     -0.022714                      NaN     -0.0478         NaN           
843487.976      866330.8575   -169.278     31.110    -0.294949    -0.955346     -0.017867                      NaN     -0.0478         NaN           
843488.976      872417.6693   -169.221     30.804    -0.295677    -0.955198     -0.013088                      NaN     -0.0478         NaN           
843489.976      878524.4242   -169.165     30.502    -0.296389    -0.955031     -0.008376                      NaN     -0.0478         NaN           
843490.976      884650.7022   -169.110     30.203    -0.297084    -0.954844     -0.003731                      NaN     -0.0477         NaN           
843491.976      890796.0933   -169.056     29.908    -0.297763    -0.954639      0.000849                      NaN     -0.0477         NaN           
843492.976      896960.1978   -169.003     29.617    -0.298427    -0.954417      0.005364                      NaN     -0.0477         NaN           
843493.976      903142.6269   -168.951     29.329    -0.299075    -0.954179      0.009816                      NaN     -0.0477         NaN           
843494.976      909342.9966   -168.900     29.045    -0.299709    -0.953925      0.014206                      NaN     -0.0477         NaN           
843495.976      915560.9369   -168.850     28.764    -0.300327    -0.953656      0.018535                      NaN     -0.0477         NaN           
843496.976      921796.0850   -168.801     28.486    -0.300932    -0.953373      0.022803                      NaN     -0.0477         NaN           
843497.976      928048.0869   -168.752     28.212    -0.301524    -0.953076      0.027012                      NaN     -0.0477         NaN           
843498.976      934316.5971   -168.705     27.941    -0.302101    -0.952766      0.031163                      NaN     -0.0476         NaN           
843499.976      940601.2781   -168.658     27.673    -0.302666    -0.952444      0.035256                      NaN     -0.0476         NaN           
843500.976      946901.8025   -168.612     27.408    -0.303219    -0.952111      0.039292                      NaN     -0.0476         NaN           
843501.976      953217.8455   -168.567     27.147    -0.303758    -0.951766      0.043273                      NaN     -0.0476         NaN           
843502.976      959549.0949   -168.522     26.888    -0.304286    -0.951411      0.047199                      NaN     -0.0476         NaN           
843503.976      965895.2445   -168.479     26.632    -0.304803    -0.951045      0.051072                      NaN     -0.0476         NaN           
843504.976      972255.9950   -168.436     26.379    -0.305307    -0.950671      0.054891                      NaN     -0.0475         NaN           
843505.976      978631.0544   -168.393     26.129    -0.305801    -0.950287      0.058658                      NaN     -0.0475         NaN           
843506.976      985020.1390   -168.352     25.882    -0.306284    -0.949895      0.062374                      NaN     -0.0475         NaN           
843507.976      991422.9671   -168.310     25.638    -0.306757    -0.949494      0.066039                      NaN     -0.0475         NaN           
843508.976      997839.2683   -168.270     25.396    -0.307219    -0.949086      0.069655                      NaN     -0.0475         NaN           
843509.976     1004268.7768   -168.230     25.157    -0.307671    -0.948671      0.073222                      NaN     -0.0474         NaN           
843510.976     1010711.2291   -168.191     24.920    -0.308113    -0.948249      0.076741                      NaN     -0.0474         NaN           
843511.976     1017166.3797   -168.152     24.687    -0.308546    -0.947821      0.080212                      NaN     -0.0474         NaN           
843512.976     1023633.9785   -168.114     24.455    -0.308970    -0.947387      0.083637                      NaN     -0.0474         NaN           
843513.976     1030113.7801   -168.077     24.227    -0.309385    -0.946947      0.087016                      NaN     -0.0473         NaN           
843514.976     1036605.5499   -168.040     24.000    -0.309791    -0.946502      0.090350                      NaN     -0.0473         NaN           
843515.976     1043109.0568   -168.004     23.776    -0.310188    -0.946052      0.093640                      NaN     -0.0473         NaN           
843516.976     1049624.0750   -167.968     23.555    -0.310577    -0.945598      0.096886                      NaN     -0.0473         NaN           
843517.976     1056150.3838   -167.932     23.335    -0.310958    -0.945139      0.100089                      NaN     -0.0473         NaN           
843518.976     1062687.7677   -167.898     23.119    -0.311332    -0.944676      0.103250                      NaN     -0.0472         NaN           
843519.976     1069236.0175   -167.863     22.904    -0.311697    -0.944209      0.106369                      NaN     -0.0472         NaN           
843520.976     1075794.9237   -167.829     22.691    -0.312055    -0.943739      0.109448                      NaN     -0.0472         NaN           
843521.976     1082364.2865   -167.796     22.481    -0.312405    -0.943266      0.112486                      NaN     -0.0472         NaN           
843522.976     1088943.9091   -167.763     22.273    -0.312749    -0.942789      0.115485                      NaN     -0.0471         NaN           
843523.976     1095533.5988   -167.730     22.067    -0.313085    -0.942310      0.118444                      NaN     -0.0471         NaN           
843524.976     1102133.1672   -167.698     21.863    -0.313415    -0.941829      0.121365                      NaN     -0.0471         NaN           
843525.976     1108742.4322   -167.667     21.661    -0.313738    -0.941345      0.124249                      NaN     -0.0471         NaN           
843526.976     1115361.2099   -167.635     21.461    -0.314054    -0.940860      0.127095                      NaN     -0.0470         NaN           
843527.976     1121989.3259   -167.605     21.263    -0.314364    -0.940372      0.129905                      NaN     -0.0470         NaN           
843528.976     1128626.6079   -167.574     21.067    -0.314668    -0.939883      0.132679                      NaN     -0.0470         NaN           
843529.976     1135272.8874   -167.544     20.873    -0.314966    -0.939393      0.135417                      NaN     -0.0470         NaN           
843530.976     1141927.9993   -167.514     20.681    -0.315258    -0.938901      0.138120                      NaN     -0.0469         NaN           
843531.976     1148591.7843   -167.485     20.491    -0.315545    -0.938408      0.140789                      NaN     -0.0469         NaN           
843532.976     1155264.0806   -167.456     20.302    -0.315826    -0.937914      0.143424                      NaN     -0.0469         NaN           
843533.976     1161944.7355   -167.427     20.115    -0.316101    -0.937420      0.146026                      NaN     -0.0469         NaN           
843534.976     1168633.5978   -167.399     19.930    -0.316372    -0.936925      0.148595                      NaN     -0.0468         NaN           

         
          