414238.131      914755.5397     19.311     28.928     0.032722    -0.497013     -0.867126                      NaN         NaN     -0.0867           
414239.131      908556.9985     19.384     29.207     0.031298    -0.494713     -0.868492                      NaN         NaN     -0.0868           
414240.131      902376.2250     19.458     29.490     0.029850    -0.492362     -0.869879                      NaN         NaN     -0.0870           
414241.131      896213.5840     19.533     29.775     0.028378    -0.489957     -0.871284                      NaN         NaN     -0.0871           
414242.131      890069.4676     19.610     30.064     0.026882    -0.487498     -0.872710                      NaN         NaN     -0.0873           
414243.131      883944.2699     19.688     30.357     0.025360    -0.484984     -0.874155                      NaN         NaN     -0.0874           
414244.131      877838.3952     19.767     30.653     0.023813    -0.482412     -0.875621                      NaN         NaN     -0.0876           
414245.131      871752.2582     19.849     30.953     0.022241    -0.479783     -0.877105                      NaN         NaN     -0.0877           
414246.131      865686.2835     19.931     31.256     0.020642    -0.477095     -0.878610                      NaN         NaN     -0.0879           
414247.131      859640.9029     20.016     31.564     0.019016    -0.474346     -0.880133                      NaN         NaN     -0.0880           
414248.131      853616.5695     20.102     31.875     0.017363    -0.471535     -0.881676                      NaN         NaN     -0.0882           
414249.131      847613.7367     20.190     32.190     0.015683    -0.468661     -0.883239                      NaN         NaN     -0.0883           
414250.131      841632.8732     20.279     32.509     0.013974    -0.465723     -0.884820                      NaN         NaN     -0.0885           
414251.131      835674.4587     20.371     32.832     0.012237    -0.462719     -0.886421                      NaN         NaN     -0.0886           
414252.131      829738.9854     20.464     33.159     0.010471    -0.459647     -0.888040                      NaN         NaN     -0.0888           
414253.131      823826.9574     20.560     33.491     0.008676    -0.456507     -0.889678                      NaN         NaN     -0.0890           
414254.131      817938.8877     20.657     33.826     0.006851    -0.453296     -0.891333                      NaN         NaN     -0.0891           
414255.131      812075.3130     20.757     34.166     0.004995    -0.450014     -0.893007                      NaN         NaN     -0.0893           
414256.131      806236.7722     20.859     34.510     0.003108    -0.446659     -0.894699                      NaN         NaN     -0.0895           
414257.131      800423.8215     20.963     34.859     0.001190    -0.443229     -0.896408                      NaN         NaN     -0.0896           
414258.131      794637.0304     21.069     35.212    -0.000760    -0.439722     -0.898133                      NaN         NaN     -0.0898           
414259.131      788876.9830     21.178     35.570    -0.002742    -0.436138     -0.899876                      NaN         NaN     -0.0900           
414260.131      783144.2737     21.289     35.933    -0.004757    -0.432474     -0.901634                      NaN         NaN     -0.0902           
414261.131      777439.5227     21.403     36.300    -0.006806    -0.428728     -0.903408                      NaN         NaN     -0.0903           
414262.131      771763.3543     21.520     36.672    -0.008888    -0.424899     -0.905197                      NaN         NaN     -0.0905           
414263.131      766116.4120     21.639     37.049    -0.011005    -0.420986     -0.907000                      NaN         NaN     -0.0907           
414264.131      760499.3547     21.762     37.431    -0.013157    -0.416986     -0.908818                      NaN         NaN     -0.0909           
414265.131      754912.8574     21.887     37.818    -0.015344    -0.412898     -0.910648                      NaN         NaN     -0.0911           
414266.131      749357.6080     22.016     38.211    -0.017567    -0.408719     -0.912491                      NaN         NaN     -0.0912           
414267.131      743834.3218     22.147     38.608    -0.019826    -0.404449     -0.914346                      NaN         NaN     -0.0914           
414268.131      738343.7203     22.282     39.011    -0.022122    -0.400084     -0.916211                      NaN         NaN     -0.0916           
414269.131      732886.5459     22.421     39.419    -0.024455    -0.395624     -0.918087                      NaN         NaN     -0.0918           
414270.131      727463.5632     22.563     39.833    -0.026826    -0.391066     -0.919971                      NaN         NaN     -0.0920           
414271.131      722075.5436     22.709     40.252    -0.029236    -0.386409     -0.921864                      NaN         NaN     -0.0922           
414272.131      716723.2828     22.859     40.676    -0.031684    -0.381650     -0.923764                      NaN         NaN     -0.0924           
414273.131      711407.5947     23.014     41.107    -0.034171    -0.376788     -0.925669                      NaN         NaN     -0.0926           
414274.131      706129.3202     23.172     41.543    -0.036698    -0.371820     -0.927579                      NaN         NaN     -0.0928           
414275.131      700889.3083     23.335     41.985    -0.039265    -0.366745     -0.929493                      NaN         NaN     -0.0929           
414276.131      695688.4313     23.502     42.433    -0.041873    -0.361560     -0.931408                      NaN         NaN     -0.0931           
414277.131      690527.5809     23.675     42.887    -0.044521    -0.356263     -0.933324                      NaN         NaN     -0.0933           
414278.131      685407.6687     23.853     43.347    -0.047210    -0.350854     -0.935240                      NaN         NaN     -0.0935           
414279.131      680329.6228     24.035     43.813    -0.049941    -0.345328     -0.937152                      NaN         NaN     -0.0937           
414280.131      675294.4023     24.224     44.286    -0.052714    -0.339685     -0.939061                      NaN         NaN     -0.0939           
414281.131      670302.9760     24.418     44.764    -0.055529    -0.333923     -0.940963                      NaN         NaN     -0.0941           
414282.131      665356.3367     24.619     45.249    -0.058387    -0.328039     -0.942858                      NaN         NaN     -0.0943           
414283.131      660455.4981     24.826     45.740    -0.061288    -0.322031     -0.944743                      NaN         NaN     -0.0945           
414284.131      655601.4943     25.039     46.238    -0.064231    -0.315898     -0.946616                      NaN         NaN     -0.0947           
414285.131      650795.3769     25.260     46.742    -0.067218    -0.309638     -0.948476                      NaN         NaN     -0.0948           
414286.131      646038.2290     25.488     47.253    -0.070248    -0.303248     -0.950319                      NaN         NaN     -0.0950           
414287.131      641331.1435     25.724     47.771    -0.073322    -0.296727     -0.952143                      NaN         NaN     -0.0952           
414288.131      636675.2379     25.968     48.295    -0.076440    -0.290074     -0.953947                      NaN         NaN     -0.0954           
414289.131      632071.6499     26.220     48.825    -0.079601    -0.283285     -0.955727                      NaN         NaN     -0.0956           
414290.131      627521.5379     26.482     49.363    -0.082805    -0.276359     -0.957480                      NaN         NaN     -0.0957           
414291.131      623026.0767     26.753     49.907    -0.086054    -0.269296     -0.959205                      NaN         NaN     -0.0959           
414292.131      618586.4717     27.035     50.458    -0.089346    -0.262093     -0.960898                      NaN         NaN     -0.0961           
414293.131      614203.9371     27.327     51.016    -0.092681    -0.254748     -0.962556                      NaN         NaN     -0.0963           
414294.131      609879.7098     27.630     51.580    -0.096059    -0.247261     -0.964176                      NaN         NaN     -0.0964           
414295.131      605615.0453     27.946     52.151    -0.099481    -0.239629     -0.965754                      NaN         NaN     -0.0966           
414296.131      601411.2171     28.274     52.729    -0.102944    -0.231852     -0.967288                      NaN         NaN     -0.0967           
414297.131      597269.5163     28.615     53.313    -0.106450    -0.223929     -0.968775                      NaN         NaN     -0.0969           
414298.131      593191.2468     28.971     53.904    -0.109998    -0.215858     -0.970209                      NaN         NaN     -0.0970           
414299.131      589177.7392     29.342     54.502    -0.113586    -0.207639     -0.971588                      NaN         NaN     -0.0972           
414300.131      585230.3318     29.729     55.106    -0.117215    -0.199271     -0.972909                      NaN         NaN     -0.0973           
414301.131      581350.3722     30.133     55.717    -0.120884    -0.190753     -0.974166                      NaN         NaN     -0.0974           
414302.131      577539.2255     30.556     56.334    -0.124592    -0.182086     -0.975357                      NaN         NaN     -0.0975           
414303.131      573798.2707     30.998     56.957    -0.128338    -0.173268     -0.976477                      NaN         NaN     -0.0976           
414304.131      570128.8918     31.461     57.586    -0.132121    -0.164299     -0.977522                      NaN         NaN     -0.0978           
414305.131      566532.4922     31.946     58.221    -0.135939    -0.155181     -0.978488                      NaN         NaN     -0.0978           
414306.131      563010.4728     32.456     58.862    -0.139793    -0.145913     -0.979371                      NaN         NaN     -0.0979           
414307.131      559564.2435     32.991     59.508    -0.143680    -0.136495     -0.980166                      NaN         NaN     -0.0980           
414308.131      556195.2185     33.553     60.159    -0.147600    -0.126930     -0.980869                      NaN         NaN     -0.0981           
414309.131      552904.8147     34.146     60.816    -0.151550    -0.117217     -0.981475                      NaN         NaN     -0.0981           
414310.131      549694.4457     34.770     61.477    -0.155529    -0.107358     -0.981980                      NaN         NaN     -0.0982           
414311.131      546565.5338     35.429     62.142    -0.159536    -0.097354     -0.982380                      NaN         NaN     -0.0982           
414312.131      543519.4874     36.125     62.811    -0.163569    -0.087208     -0.982670                      NaN         NaN     -0.0983           
414313.131      540557.7125     36.862     63.484    -0.167625    -0.076922     -0.982845                      NaN         NaN     -0.0983           
414314.131      537681.6065     37.643     64.159    -0.171703    -0.066497     -0.982902                      NaN         NaN     -0.0983           
414315.131      534892.5561     38.471     64.837    -0.175801    -0.055937     -0.982835                      NaN         NaN     -0.0983           
414316.131      532191.9346     39.350     65.516    -0.179917    -0.045245     -0.982641                      NaN         NaN     -0.0983           
414317.131      529581.0963     40.286     66.197    -0.184048    -0.034424     -0.982314                      NaN         NaN     -0.0982           
414318.131      527061.3864     41.283     66.878    -0.188192    -0.023477     -0.981852                      NaN         NaN     -0.0982           
414319.131      524634.1189     42.347     67.558    -0.192346    -0.012409     -0.981249                      NaN         NaN     -0.0981           
414320.131      522300.5869     43.483     68.237    -0.196509    -0.001224     -0.980501                      NaN         NaN     -0.0981           
414321.131      520062.0563     44.700     68.913    -0.200676     0.010074     -0.979606                      NaN         NaN     -0.0980           
414322.131      517919.7629     46.004     69.585    -0.204846     0.021480     -0.978558                      NaN         NaN     -0.0979           
414323.131      515874.9065     47.403     70.252    -0.209016     0.032988     -0.977356                      NaN         NaN     -0.0977           
414324.131      513928.6601     48.907     70.912    -0.213182     0.044594     -0.975994                      NaN         NaN     -0.0976           
414325.131      512082.1486     50.526     71.563    -0.217342     0.056291     -0.974471                      NaN         NaN     -0.0974           
414326.131      510336.4581     52.270     72.205    -0.221493     0.068073     -0.972783                      NaN         NaN     -0.0973           
414327.131      508692.6300     54.150     72.833    -0.225632     0.079933     -0.970928                      NaN         NaN     -0.0971           
414328.131      507151.6579     56.180     73.446    -0.229756     0.091866     -0.968903                      NaN         NaN     -0.0969           
414329.131      505714.4825     58.372     74.042    -0.233861     0.103865     -0.966706                      NaN         NaN     -0.0967           
414330.131      504382.0008     60.739     74.616    -0.237944     0.115922     -0.964336                      NaN         NaN     -0.0964           
414331.131      503155.0430     63.294     75.166    -0.242003     0.128029     -0.961792                      NaN         NaN     -0.0962           
414332.131      502034.3854     66.048     75.688    -0.246034     0.140180     -0.959071                      NaN         NaN     -0.0959           
414333.131      501020.7446     69.012     76.178    -0.250034     0.152366     -0.956174                      NaN         NaN     -0.0956           
414334.131      500114.7738     72.193     76.632    -0.253999     0.164580     -0.953099                      NaN         NaN     -0.0953           
414335.131      499317.0614     75.595     77.044    -0.257928     0.176814     -0.949847                      NaN         NaN     -0.0950           
414336.131      498628.1265     79.213     77.410    -0.261816     0.189059     -0.946419                      NaN         NaN     -0.0946           
414337.131      498048.4280     83.040     77.726    -0.265661     0.201307     -0.942815                      NaN         NaN     -0.0943           
414338.131      497578.3469     87.055     77.986    -0.269460     0.213550     -0.939035                      NaN         NaN     -0.0939           
414339.131      497218.1959     91.232     78.187    -0.273210     0.225780     -0.935083                      NaN         NaN     -0.0935           
414340.131      496968.2156     95.533     78.325    -0.276908     0.237989     -0.930958                      NaN         NaN     -0.0931           
414341.131      496828.5739     99.915     78.397    -0.280552     0.250167     -0.926665                      NaN         NaN     -0.0927           
414342.131      496799.3629    104.328     78.403    -0.284139     0.262306     -0.922204                      NaN         NaN     -0.0922           
414343.131      496880.6079    108.719     78.342    -0.287666     0.274400     -0.917580                      NaN         NaN     -0.0918           
414344.131      497072.2537    113.039     78.215    -0.291132     0.286438     -0.912795                      NaN         NaN     -0.0913           
414345.131      497374.1734    117.243     78.025    -0.294534     0.298414     -0.907854                      NaN         NaN     -0.0908           
414346.131      497786.1673    121.290     77.775    -0.297870     0.310320     -0.902760                      NaN         NaN     -0.0903           
414347.131      498307.9630    125.154     77.468    -0.301138     0.322148     -0.897517                      NaN         NaN     -0.0898           
414348.131      498939.2145    128.812     77.110    -0.304336     0.333890     -0.892130                      NaN         NaN     -0.0892           
414349.131      499679.5115    132.254     76.705    -0.307463     0.345540     -0.886605                      NaN         NaN     -0.0887           
414350.131      500528.3684    135.477     76.257    -0.310518     0.357090     -0.880946                      NaN         NaN     -0.0881           
414351.131      501485.2341    138.481     75.772    -0.313498     0.368534     -0.875158                      NaN         NaN     -0.0875           
414352.131      502549.4914    141.274     75.255    -0.316403     0.379866     -0.869247                      NaN         NaN     -0.0869           
414457.640      990581.0987   -173.472     25.508    -0.359341     0.866673     -0.346052                  -0.0433         NaN         NaN           
414458.640      996985.9112   -173.415     25.268    -0.358946     0.867601     -0.344131                  -0.0434         NaN         NaN           
414459.640     1003404.1300   -173.358     25.030    -0.358551     0.868507     -0.342252                  -0.0434         NaN         NaN           
414460.640     1009835.4920   -173.303     24.795    -0.358158     0.869390     -0.340417                  -0.0435         NaN         NaN           
414461.640     1016279.7402   -173.248     24.562    -0.357764     0.870253     -0.338623                  -0.0435         NaN         NaN           
414462.640     1022736.6249   -173.194     24.332    -0.357371     0.871094     -0.336870                  -0.0436         NaN         NaN           
414463.640     1029205.8980   -173.141     24.105    -0.356979     0.871915     -0.335157                  -0.0436         NaN         NaN           
414464.640     1035687.3211   -173.088     23.880    -0.356588     0.872716     -0.333484                  -0.0436         NaN         NaN           
414465.640     1042180.6600   -173.037     23.657    -0.356197     0.873498     -0.331850                  -0.0437         NaN         NaN           
414466.640     1048685.6858   -172.986     23.436    -0.355808     0.874261     -0.330255                  -0.0437         NaN         NaN           
414467.640     1055202.1747   -172.936     23.218    -0.355419     0.875005     -0.328699                  -0.0438         NaN         NaN           
414468.640     1061729.9094   -172.887     23.002    -0.355031     0.875732     -0.327179                  -0.0438         NaN         NaN           
414469.640     1068268.6733   -172.838     22.789    -0.354645     0.876441     -0.325697                  -0.0438         NaN         NaN           
414470.640     1074818.2589   -172.790     22.577    -0.354259     0.877133     -0.324250                  -0.0439         NaN         NaN           
414471.640     1081378.4619   -172.743     22.368    -0.353875     0.877808     -0.322840                  -0.0439         NaN         NaN           
414472.640     1087949.0824   -172.697     22.161    -0.353492     0.878467     -0.321465                  -0.0439         NaN         NaN           
414473.640     1094529.9253   -172.651     21.956    -0.353109     0.879110     -0.320125                  -0.0440         NaN         NaN           
414474.640     1101120.8008   -172.606     21.753    -0.352729     0.879737     -0.318819                  -0.0440         NaN         NaN           
414475.640     1107721.5193   -172.561     21.552    -0.352349     0.880349     -0.317546                  -0.0440         NaN         NaN           
414476.640     1114331.8996   -172.517     21.353    -0.351971     0.880946     -0.316307                  -0.0440         NaN         NaN           
414477.640     1120951.7629   -172.474     21.156    -0.351594     0.881529     -0.315101                  -0.0441         NaN         NaN           
414478.640     1127580.9345   -172.431     20.960    -0.351218     0.882098     -0.313926                  -0.0441         NaN         NaN           
414479.640     1134219.2433   -172.389     20.767    -0.350844     0.882652     -0.312784                  -0.0441         NaN         NaN           
414480.640     1140866.5210   -172.347     20.576    -0.350471     0.883193     -0.311673                  -0.0442         NaN         NaN           
414481.640     1147522.6059   -172.306     20.386    -0.350099     0.883721     -0.310592                  -0.0442         NaN         NaN           
414482.640     1154187.3366   -172.265     20.199    -0.349729     0.884236     -0.309542                  -0.0442         NaN         NaN           
414483.640     1160860.5566   -172.225     20.013    -0.349361     0.884738     -0.308522                  -0.0442         NaN         NaN           
414484.640     1167542.1122   -172.186     19.828    -0.348993     0.885228     -0.307532                  -0.0443         NaN         NaN           

972058.811     1160193.6617    166.130     20.095     0.469646    -0.866314      0.170096                      NaN     -0.0433         NaN           
972059.811     1153492.7131    166.133     20.282     0.469798    -0.866725      0.167563                      NaN     -0.0433         NaN           
972060.811     1146799.9736    166.137     20.471     0.469948    -0.867136      0.164997                      NaN     -0.0434         NaN           
972061.811     1140115.5958    166.140     20.662     0.470097    -0.867546      0.162396                      NaN     -0.0434         NaN           
972062.811     1133439.7337    166.143     20.855     0.470245    -0.867955      0.159761                      NaN     -0.0434         NaN           
972063.811     1126772.5462    166.146     21.049     0.470390    -0.868364      0.157090                      NaN     -0.0434         NaN           
972064.811     1120114.1964    166.150     21.246     0.470534    -0.868771      0.154384                      NaN     -0.0434         NaN           
972065.811     1113464.8521    166.153     21.445     0.470675    -0.869178      0.151642                      NaN     -0.0435         NaN           
972066.811     1106824.6787    166.156     21.645     0.470815    -0.869582      0.148862                      NaN     -0.0435         NaN           
972067.811     1100193.8496    166.159     21.848     0.470952    -0.869986      0.146046                      NaN     -0.0435         NaN           
972068.811     1093572.5503    166.163     22.053     0.471086    -0.870387      0.143191                      NaN     -0.0435         NaN           
972069.811     1086960.9603    166.166     22.259     0.471218    -0.870787      0.140297                      NaN     -0.0435         NaN           
972070.811     1080359.2658    166.169     22.468     0.471348    -0.871184      0.137364                      NaN     -0.0436         NaN           
972071.811     1073767.6574    166.172     22.679     0.471475    -0.871580      0.134390                      NaN     -0.0436         NaN           
972072.811     1067186.3300    166.176     22.893     0.471598    -0.871972      0.131377                      NaN     -0.0436         NaN           
972073.811     1060615.4829    166.179     23.108     0.471719    -0.872362      0.128321                      NaN     -0.0436         NaN           
972074.811     1054055.3173    166.182     23.326     0.471836    -0.872748      0.125224                      NaN     -0.0436         NaN           
972075.811     1047506.0475    166.186     23.546     0.471950    -0.873132      0.122084                      NaN     -0.0437         NaN           
972076.811     1040967.8841    166.189     23.769     0.472060    -0.873511      0.118901                      NaN     -0.0437         NaN           
972077.811     1034441.0457    166.192     23.994     0.472166    -0.873887      0.115673                      NaN     -0.0437         NaN           
972078.811     1027925.7559    166.196     24.221     0.472269    -0.874259      0.112401                      NaN     -0.0437         NaN           
972079.811     1021422.2435    166.199     24.451     0.472367    -0.874626      0.109083                      NaN     -0.0437         NaN           
972080.811     1014930.7402    166.202     24.683     0.472461    -0.874988      0.105718                      NaN     -0.0437         NaN           
972081.811     1008451.4912    166.206     24.918     0.472550    -0.875346      0.102306                      NaN     -0.0438         NaN           
972082.811     1001984.7391    166.209     25.156     0.472635    -0.875697      0.098847                      NaN     -0.0438         NaN           
972083.811      995530.7354    166.213     25.396     0.472714    -0.876043      0.095338                      NaN     -0.0438         NaN           
972084.811      989089.7374    166.216     25.639     0.472788    -0.876383      0.091780                      NaN     -0.0438         NaN           
972085.811      982662.0085    166.219     25.885     0.472857    -0.876717      0.088172                      NaN     -0.0438         NaN           
972086.811      976247.8161    166.223     26.133     0.472920    -0.877043      0.084512                      NaN     -0.0439         NaN           
972087.811      969847.4417    166.226     26.385     0.472977    -0.877362      0.080800                      NaN     -0.0439         NaN           
972088.811      963461.1657    166.230     26.639     0.473028    -0.877673      0.077035                      NaN     -0.0439         NaN           
972089.811      957089.2780    166.233     26.896     0.473072    -0.877976      0.073217                      NaN     -0.0439         NaN           
972090.811      950732.0806    166.237     27.156     0.473109    -0.878271      0.069343                      NaN     -0.0439         NaN           
972091.811      944389.8718    166.240     27.420     0.473140    -0.878556      0.065414                      NaN     -0.0439         NaN           
972092.811      938062.9599    166.244     27.686     0.473162    -0.878831      0.061428                      NaN     -0.0439         NaN           
972093.811      931751.6657    166.247     27.956     0.473178    -0.879096      0.057384                      NaN     -0.0440         NaN           
972094.811      925456.3218    166.251     28.229     0.473184    -0.879351      0.053282                      NaN     -0.0440         NaN           
972095.811      919177.2605    166.254     28.505     0.473183    -0.879594      0.049121                      NaN     -0.0440         NaN           
972096.811      912914.8255    166.258     28.784     0.473173    -0.879825      0.044898                      NaN     -0.0440         NaN           
972097.811      906669.3687    166.261     29.067     0.473153    -0.880043      0.040615                      NaN     -0.0440         NaN           
972098.811      900441.2510    166.265     29.354     0.473124    -0.880249      0.036268                      NaN     -0.0440         NaN           
972099.811      894230.8394    166.269     29.644     0.473085    -0.880440      0.031858                      NaN     -0.0440         NaN           
972100.811      888038.5181    166.272     29.937     0.473036    -0.880617      0.027384                      NaN     -0.0440         NaN           
972101.811      881864.6728    166.276     30.234     0.472976    -0.880779      0.022844                      NaN     -0.0440         NaN           
972102.811      875709.7018    166.280     30.535     0.472905    -0.880925      0.018236                      NaN     -0.0440         NaN           
972103.811      869574.0131    166.283     30.840     0.472822    -0.881054      0.013561                      NaN     -0.0441         NaN           
972104.811      863458.0251    166.287     31.148     0.472726    -0.881165      0.008817                      NaN     -0.0441         NaN           
972105.811      857362.1643    166.291     31.461     0.472618    -0.881258      0.004003                      NaN     -0.0441         NaN           
972106.811      851286.8752    166.294     31.778     0.472497    -0.881332     -0.000883                      NaN     -0.0441         NaN           
972107.811      845232.6061    166.298     32.098     0.472362    -0.881385     -0.005841                      NaN     -0.0441         NaN           
972108.811      839199.8192    166.302     32.423     0.472213    -0.881417     -0.010872                      NaN     -0.0441         NaN           
972109.811      833188.9882    166.306     32.752     0.472049    -0.881427     -0.015979                      NaN     -0.0441         NaN           
972110.811      827200.5989    166.309     33.085     0.471869    -0.881414     -0.021161                      NaN     -0.0441         NaN           
972111.811      821235.1468    166.313     33.423     0.471674    -0.881377     -0.026420                      NaN     -0.0441         NaN           
972112.811      815293.1475    166.317     33.765     0.471461    -0.881315     -0.031758                      NaN     -0.0441         NaN           
972113.811      809375.1220    166.321     34.112     0.471232    -0.881226     -0.037176                      NaN     -0.0441         NaN           
972114.811      803481.6070    166.325     34.463     0.470984    -0.881109     -0.042674                      NaN     -0.0441         NaN           
972115.811      797613.1528    166.329     34.819     0.470717    -0.880964     -0.048254                      NaN     -0.0440         NaN           
972116.811      791770.3236    166.332     35.180     0.470431    -0.880788     -0.053917                      NaN     -0.0440         NaN           
972117.811      785953.6976    166.336     35.545     0.470125    -0.880581     -0.059665                      NaN     -0.0440         NaN           
972118.811      780163.8656    166.340     35.916     0.469797    -0.880341     -0.065498                      NaN     -0.0440         NaN           
972119.811      774401.4400    166.344     36.292     0.469448    -0.880067     -0.071418                      NaN     -0.0440         NaN           
972120.811      768667.0466    166.348     36.673     0.469076    -0.879757     -0.077426                      NaN     -0.0440         NaN           
972121.811      762961.3162    166.352     37.059     0.468680    -0.879410     -0.083524                      NaN     -0.0440         NaN           
972122.811      757284.9040    166.357     37.450     0.468260    -0.879025     -0.089712                      NaN     -0.0440         NaN           
972123.811      751638.4831    166.361     37.847     0.467814    -0.878599     -0.095992                      NaN     -0.0439         NaN           
972124.811      746022.7388    166.365     38.249     0.467342    -0.878130     -0.102365                      NaN     -0.0439         NaN           
972125.811      740438.3804    166.369     38.657     0.466843    -0.877618     -0.108832                      NaN     -0.0439         NaN           
972126.811      734886.1275    166.373     39.071     0.466315    -0.877060     -0.115394                      NaN     -0.0439         NaN           
972127.811      729366.7197    166.377     39.490     0.465757    -0.876455     -0.122053                      NaN     -0.0438         NaN           
972128.811      723880.9148    166.382     39.915     0.465169    -0.875800     -0.128809                      NaN     -0.0438         NaN           
972129.811      718429.4888    166.386     40.346     0.464550    -0.875094     -0.135664                      NaN     -0.0438         NaN           
972130.811      713013.2345    166.390     40.784     0.463897    -0.874334     -0.142619                      NaN     -0.0437         NaN           
972131.811      707632.9702    166.395     41.227     0.463211    -0.873518     -0.149675                      NaN     -0.0437         NaN           
972132.811      702289.5269    166.399     41.677     0.462489    -0.872644     -0.156832                      NaN     -0.0436         NaN           
972133.811      696983.7578    166.404     42.133     0.461730    -0.871710     -0.164092                      NaN     -0.0436         NaN           
972134.811      691716.5358    166.408     42.596     0.460934    -0.870714     -0.171456                      NaN     -0.0435         NaN           
972135.811      686488.7543    166.413     43.065     0.460098    -0.869653     -0.178925                      NaN     -0.0435         NaN           
972136.811      681301.3272    166.417     43.541     0.459222    -0.868524     -0.186499                      NaN     -0.0434         NaN           
972137.811      676155.1871    166.422     44.023     0.458304    -0.867325     -0.194179                      NaN     -0.0434         NaN           
972138.811      671051.2940    166.427     44.513     0.457342    -0.866053     -0.201966                      NaN     -0.0433         NaN           
972206.811      490206.6823    -14.637     84.839     0.209373    -0.452424     -0.866877                      NaN         NaN     -0.0867           
972207.811      490921.8676    -14.460     83.945     0.202900    -0.440968     -0.874288                      NaN         NaN     -0.0874           
972208.811      491747.7360    -14.329     83.053     0.196399    -0.429447     -0.881477                      NaN         NaN     -0.0881           
972209.811      492683.7291    -14.226     82.165     0.189876    -0.417871     -0.888443                      NaN         NaN     -0.0888           
972210.811      493729.2174    -14.145     81.280     0.183335    -0.406246     -0.895183                      NaN         NaN     -0.0895           
972211.811      494883.5056    -14.077     80.399     0.176781    -0.394582     -0.901695                      NaN         NaN     -0.0902           
972212.811      496145.8331    -14.021     79.521     0.170219    -0.382888     -0.907977                      NaN         NaN     -0.0908           
972213.811      497515.3733    -13.973     78.649     0.163653    -0.371171     -0.914029                      NaN         NaN     -0.0914           
972214.811      498991.2412    -13.932     77.781     0.157088    -0.359440     -0.919851                      NaN         NaN     -0.0920           
972215.811      500572.4936    -13.895     76.918     0.150529    -0.347704     -0.925442                      NaN         NaN     -0.0925           
972216.811      502258.1320    -13.863     76.061     0.143978    -0.335970     -0.930803                      NaN         NaN     -0.0931           
972217.811      504047.1062    -13.835     75.209     0.137442    -0.324246     -0.935935                      NaN         NaN     -0.0936           
972218.811      505938.3169    -13.809     74.363     0.130924    -0.312541     -0.940839                      NaN         NaN     -0.0941           
972219.811      507930.6194    -13.786     73.524     0.124427    -0.300861     -0.945516                      NaN         NaN     -0.0946           
972220.811      510022.8242    -13.765     72.690     0.117957    -0.289214     -0.949969                      NaN         NaN     -0.0950           
972221.811      512213.7042    -13.745     71.864     0.111516    -0.277607     -0.954201                      NaN         NaN     -0.0954           
972222.811      514501.9951    -13.727     71.045     0.105108    -0.266046     -0.958213                      NaN         NaN     -0.0958           
972223.811      516886.3995    -13.710     70.232     0.098737    -0.254539     -0.962009                      NaN         NaN     -0.0962           
972224.811      519365.5897    -13.695     69.427     0.092405    -0.243092     -0.965592                      NaN         NaN     -0.0966           
972225.811      521938.2119    -13.680     68.630     0.086117    -0.231710     -0.968966                      NaN         NaN     -0.0969           
972226.811      524602.8855    -13.666     67.840     0.079874    -0.220399     -0.972134                      NaN         NaN     -0.0972           
972227.811      527358.2118    -13.653     67.058     0.073680    -0.209164     -0.975101                      NaN         NaN     -0.0975           
972228.811      530202.7732    -13.641     66.283     0.067537    -0.198011     -0.977870                      NaN         NaN     -0.0978           
972229.811      533135.1368    -13.630     65.517     0.061448    -0.186945     -0.980447                      NaN         NaN     -0.0980           
972230.811      536153.8574    -13.618     64.759     0.055415    -0.175969     -0.982835                      NaN         NaN     -0.0983           
972231.811      539257.4814    -13.608     64.010     0.049440    -0.165089     -0.985039                      NaN         NaN     -0.0985           
972232.811      542444.5442    -13.598     63.268     0.043524    -0.154307     -0.987064                      NaN         NaN     -0.0987           
972233.811      545713.5802    -13.588     62.535     0.037670    -0.143628     -0.988915                      NaN         NaN     -0.0989           
972234.811      549063.1204    -13.579     61.810     0.031879    -0.133054     -0.990596                      NaN         NaN     -0.0991           
972235.811      552491.6953    -13.570     61.094     0.026153    -0.122590     -0.992113                      NaN         NaN     -0.0992           
972236.811      555997.8379    -13.561     60.387     0.020493    -0.112236     -0.993470                      NaN         NaN     -0.0993           
972237.811      559580.0861    -13.553     59.688     0.014900    -0.101997     -0.994673                      NaN         NaN     -0.0995           
972238.811      563236.9799    -13.545     58.997     0.009375    -0.091874     -0.995727                      NaN         NaN     -0.0996           
972239.811      566967.0706    -13.537     58.316     0.003919    -0.081869     -0.996635                      NaN         NaN     -0.0997           
972240.811      570768.9147    -13.530     57.642    -0.001467    -0.071984     -0.997405                      NaN         NaN     -0.0997           
972241.811      574641.0859    -13.522     56.978    -0.006783    -0.062220     -0.998039                      NaN         NaN     -0.0998           
972242.811      578582.1686    -13.515     56.321    -0.012028    -0.052578     -0.998544                      NaN         NaN     -0.0999           
972243.811      582590.7561    -13.508     55.674    -0.017202    -0.043060     -0.998924                      NaN         NaN     -0.0999           
972244.811      586665.4604    -13.501     55.035    -0.022304    -0.033666     -0.999184                      NaN         NaN     -0.0999           
972245.811      590804.9045    -13.495     54.404    -0.027335    -0.024397     -0.999329                      NaN         NaN     -0.0999           
972246.811      595007.7326    -13.488     53.782    -0.032295    -0.015254     -0.999362                      NaN         NaN     -0.0999           
972247.811      599272.6053    -13.482     53.168    -0.037182    -0.006236     -0.999289                      NaN         NaN     -0.0999           
972248.811      603598.2011    -13.476     52.562    -0.041998     0.002657     -0.999114                      NaN         NaN     -0.0999           
972249.811      607983.2179    -13.469     51.964    -0.046743     0.011423     -0.998842                      NaN         NaN     -0.0999           
972250.811      612426.3747    -13.463     51.375    -0.051417     0.020064     -0.998476                      NaN         NaN     -0.0998           
972251.811      616926.4056    -13.457     50.794    -0.056020     0.028580     -0.998021                      NaN         NaN     -0.0998           
972252.811      621482.0704    -13.452     50.221    -0.060552     0.036972     -0.997480                      NaN         NaN     -0.0997           
972253.811      626092.1483    -13.446     49.655    -0.065015     0.045239     -0.996858                      NaN         NaN     -0.0997           
972254.811      630755.4396    -13.440     49.098    -0.069408     0.053383     -0.996159                      NaN         NaN     -0.0996           
972255.811      635470.7662    -13.435     48.548    -0.073733     0.061405     -0.995386                      NaN         NaN     -0.0995           
972256.811      640236.9737    -13.429     48.006    -0.077989     0.069305     -0.994542                      NaN         NaN     -0.0995           
972257.811      645052.9239    -13.424     47.471    -0.082178     0.077084     -0.993632                      NaN         NaN     -0.0994           
972258.811      649917.5059    -13.419     46.944    -0.086300     0.084744     -0.992658                      NaN         NaN     -0.0993           
972259.811      654829.6292    -13.413     46.425    -0.090356     0.092285     -0.991624                      NaN         NaN     -0.0992           
972260.811      659788.2250    -13.408     45.913    -0.094347     0.099709     -0.990534                      NaN         NaN     -0.0991           
972261.811      664792.2466    -13.403     45.407    -0.098273     0.107017     -0.989389                      NaN         NaN     -0.0989           
972262.811      669840.6690    -13.398     44.909    -0.102135     0.114211     -0.988192                      NaN         NaN     -0.0988           
972263.811      674932.4907    -13.393     44.418    -0.105935     0.121291     -0.986948                      NaN         NaN     -0.0987           
972264.811      680066.7260    -13.388     43.934    -0.109672     0.128259     -0.985658                      NaN         NaN     -0.0986           
972265.811      685242.4162    -13.383     43.457    -0.113348     0.135116     -0.984325                      NaN         NaN     -0.0984           
972266.811      690458.6221    -13.378     42.986    -0.116964     0.141865     -0.982952                      NaN         NaN     -0.0983           
972267.811      695714.4250    -13.374     42.522    -0.120520     0.148505     -0.981540                      NaN         NaN     -0.0982           
972268.811      701008.9272    -13.369     42.065    -0.124018     0.155040     -0.980093                      NaN         NaN     -0.0980           
972269.811      706341.2532    -13.364     41.614    -0.127458     0.161470     -0.978612                      NaN         NaN     -0.0979           
972270.811      711710.5371    -13.359     41.169    -0.130842     0.167798     -0.977100                      NaN         NaN     -0.0977           
972271.811      717115.9479    -13.355     40.730    -0.134170     0.174023     -0.975558                      NaN         NaN     -0.0976           
972272.811      722556.6660    -13.350     40.298    -0.137443     0.180149     -0.973990                      NaN         NaN     -0.0974           
972273.811      728031.8965    -13.346     39.871    -0.140662     0.186177     -0.972395                      NaN         NaN     -0.0972           
972274.811      733540.8579    -13.341     39.451    -0.143827     0.192107     -0.970777                      NaN         NaN     -0.0971           
972275.811      739082.7866    -13.336     39.036    -0.146941     0.197943     -0.969137                      NaN         NaN     -0.0969           
972276.811      744656.9412    -13.332     38.627    -0.150004     0.203685     -0.967477                      NaN         NaN     -0.0967           
972277.811      750262.5916    -13.328     38.223    -0.153016     0.209335     -0.965798                      NaN         NaN     -0.0966           
972278.811      755899.0314    -13.323     37.825    -0.155979     0.214894     -0.964101                      NaN         NaN     -0.0964           
972279.811      761565.5694    -13.319     37.433    -0.158893     0.220365     -0.962389                      NaN         NaN     -0.0962           
972280.811      767261.5310    -13.314     37.046    -0.161759     0.225748     -0.960662                      NaN         NaN     -0.0961           
972281.811      772986.2581    -13.310     36.664    -0.164579     0.231045     -0.958922                      NaN         NaN     -0.0959           
972282.811      778739.1107    -13.306     36.287    -0.167353     0.236258     -0.957170                      NaN         NaN     -0.0957           
972283.811      784519.4579    -13.301     35.915    -0.170081     0.241388     -0.955408                      NaN         NaN     -0.0955           
972284.811      790326.6908    -13.297     35.549    -0.172766     0.246437     -0.953636                      NaN         NaN     -0.0954           
972285.811      796160.2132    -13.293     35.187    -0.175407     0.251406     -0.951855                      NaN         NaN     -0.0952           
972286.811      802019.4435    -13.289     34.830    -0.178006     0.256296     -0.950066                      NaN         NaN     -0.0950           
972287.811      807903.8145    -13.284     34.478    -0.180562     0.261110     -0.948272                      NaN         NaN     -0.0948           
972288.811      813812.7753    -13.280     34.130    -0.183078     0.265847     -0.946471                      NaN         NaN     -0.0946           
972289.811      819745.7815    -13.276     33.787    -0.185554     0.270511     -0.944666                      NaN         NaN     -0.0945           
972290.811      825702.3091    -13.272     33.448    -0.187990     0.275102     -0.942857                      NaN         NaN     -0.0943           
972291.811      831681.8447    -13.268     33.114    -0.190387     0.279621     -0.941045                      NaN         NaN     -0.0941           
972292.811      837683.8876    -13.263     32.784    -0.192747     0.284070     -0.939230                      NaN         NaN     -0.0939           
972293.811      843707.9493    -13.259     32.459    -0.195069     0.288451     -0.937414                      NaN         NaN     -0.0937           
972294.811      849753.5558    -13.255     32.137    -0.197355     0.292764     -0.935596                      NaN         NaN     -0.0936           
972295.811      855820.2377    -13.251     31.820    -0.199606     0.297010     -0.933779                      NaN         NaN     -0.0934           
972296.811      861907.5443    -13.247     31.506    -0.201821     0.301192     -0.931961                      NaN         NaN     -0.0932           
972297.811      868015.0334    -13.243     31.197    -0.204002     0.305310     -0.930145                      NaN         NaN     -0.0930           
972298.811      874142.2738    -13.239     30.891    -0.206149     0.309366     -0.928329                      NaN         NaN     -0.0928           
972299.811      880288.8448    -13.235     30.590    -0.208263     0.313360     -0.926516                      NaN         NaN     -0.0927           
972300.811      886454.3313    -13.231     30.292    -0.210345     0.317294     -0.924705                      NaN         NaN     -0.0925           
972301.811      892638.3410    -13.227     29.997    -0.212396     0.321169     -0.922897                      NaN         NaN     -0.0923           
972302.811      898840.4820    -13.223     29.707    -0.214415     0.324987     -0.921092                      NaN         NaN     -0.0921           
972303.811      905060.3715    -13.219     29.420    -0.216403     0.328747     -0.919290                      NaN         NaN     -0.0919           
972304.811      911297.6379    -13.215     29.136    -0.218362     0.332452     -0.917493                      NaN         NaN     -0.0917           
972305.811      917551.9184    -13.211     28.856    -0.220292     0.336103     -0.915700                      NaN         NaN     -0.0916           
972306.811      923822.8592    -13.207     28.579    -0.222192     0.339699     -0.913912                      NaN         NaN     -0.0914           
972307.811      930110.1174    -13.203     28.305    -0.224065     0.343244     -0.912129                      NaN         NaN     -0.0912           
972308.811      936413.3511    -13.199     28.035    -0.225910     0.346737     -0.910351                      NaN         NaN     -0.0910           
972309.811      942732.2338    -13.195     27.768    -0.227728     0.350179     -0.908578                      NaN         NaN     -0.0909           
972310.811      949066.4447    -13.191     27.504    -0.229520     0.353572     -0.906812                      NaN         NaN     -0.0907           
972311.811      955415.6703    -13.187     27.243    -0.231285     0.356916     -0.905051                      NaN         NaN     -0.0905           
972312.811      961779.6050    -13.183     26.985    -0.233026     0.360212     -0.903297                      NaN         NaN     -0.0903           
972313.811      968157.9526    -13.179     26.730    -0.234741     0.363462     -0.901550                      NaN         NaN     -0.0902           
972314.811      974550.4169    -13.176     26.478    -0.236431     0.366666     -0.899809                      NaN         NaN     -0.0900           
972315.811      980956.7157    -13.172     26.229    -0.238098     0.369825     -0.898075                      NaN         NaN     -0.0898           
972316.811      987376.5714    -13.168     25.983    -0.239741     0.372940     -0.896348                      NaN         NaN     -0.0896           
972317.811      993809.7126    -13.164     25.740    -0.241361     0.376011     -0.894629                      NaN         NaN     -0.0895           
972318.811     1000255.8746    -13.160     25.499    -0.242958     0.379040     -0.892916                      NaN         NaN     -0.0893           
972319.811     1006714.7987    -13.156     25.261    -0.244534     0.382028     -0.891212                      NaN         NaN     -0.0891           
972320.811     1013186.2347    -13.152     25.025    -0.246087     0.384974     -0.889515                      NaN         NaN     -0.0890           
972321.811     1019669.9310    -13.148     24.792    -0.247619     0.387881     -0.887825                      NaN         NaN     -0.0888           
972322.811     1026165.6489    -13.145     24.562    -0.249130     0.390748     -0.886144                      NaN         NaN     -0.0886           
972323.811     1032673.1531    -13.141     24.334    -0.250621     0.393576     -0.884470                      NaN         NaN     -0.0884           
972324.811     1039192.2136    -13.137     24.109    -0.252091     0.396367     -0.882804                      NaN         NaN     -0.0883           
972325.811     1045722.6056    -13.133     23.886    -0.253542     0.399120     -0.881147                      NaN         NaN     -0.0881           
972326.811     1052264.1121    -13.129     23.665    -0.254973     0.401837     -0.879497                      NaN         NaN     -0.0879           
972327.811     1058816.5134    -13.125     23.447    -0.256386     0.404519     -0.877856                      NaN         NaN     -0.0878           
972328.811     1065379.6023    -13.122     23.231    -0.257779     0.407165     -0.876223                      NaN         NaN     -0.0876           
972329.811     1071953.1739    -13.118     23.017    -0.259155     0.409777     -0.874598                      NaN         NaN     -0.0875           
972330.811     1078537.0222    -13.114     22.805    -0.260512     0.412355     -0.872982                      NaN         NaN     -0.0873           
972331.811     1085130.9592    -13.110     22.596    -0.261852     0.414899     -0.871374                      NaN         NaN     -0.0871           
972332.811     1091734.7973    -13.106     22.389    -0.263175     0.417411     -0.869774                      NaN         NaN     -0.0870           
972333.811     1098348.3407    -13.103     22.184    -0.264480     0.419892     -0.868183                      NaN         NaN     -0.0868           
972334.811     1104971.4091    -13.099     21.981    -0.265769     0.422340     -0.866600                      NaN         NaN     -0.0867           


