 69718.076     1162298.8532     17.643     20.278     0.225999    -0.942755     -0.245231                      NaN     -0.0471         NaN           
 69719.076     1155641.5694     17.689     20.463     0.225420    -0.942610     -0.246318                      NaN     -0.0471         NaN           
 69720.076     1148992.7981     17.736     20.650     0.224834    -0.942457     -0.247437                      NaN     -0.0471         NaN           
 69721.076     1142352.6830     17.783     20.839     0.224239    -0.942296     -0.248586                      NaN     -0.0471         NaN           
 69722.076     1135721.3944     17.832     21.029     0.223637    -0.942127     -0.249768                      NaN     -0.0471         NaN           
 69723.076     1129099.0952     17.880     21.221     0.223026    -0.941949     -0.250981                      NaN     -0.0471         NaN           
 69724.076     1122485.9532     17.930     21.416     0.222406    -0.941763     -0.252227                      NaN     -0.0471         NaN           
 69725.076     1115882.1403     17.980     21.612     0.221778    -0.941567     -0.253507                      NaN     -0.0471         NaN           
 69726.076     1109287.8319     18.031     21.810     0.221141    -0.941363     -0.254820                      NaN     -0.0471         NaN           
 69727.076     1102703.2039     18.082     22.010     0.220495    -0.941148     -0.256167                      NaN     -0.0471         NaN           
 69728.076     1096128.4469     18.134     22.212     0.219841    -0.940924     -0.257549                      NaN     -0.0470         NaN           
 69729.076     1089563.7449     18.187     22.416     0.219177    -0.940690     -0.258966                      NaN     -0.0470         NaN           
 69730.076     1083009.2895     18.241     22.622     0.218503    -0.940446     -0.260419                      NaN     -0.0470         NaN           
 69731.076     1076465.2767     18.296     22.830     0.217820    -0.940191     -0.261909                      NaN     -0.0470         NaN           
 69732.076     1069931.9071     18.351     23.041     0.217127    -0.939924     -0.263435                      NaN     -0.0470         NaN           
 69733.076     1063409.3820     18.407     23.253     0.216424    -0.939647     -0.264999                      NaN     -0.0470         NaN           
 69734.076     1056897.9185     18.464     23.468     0.215711    -0.939358     -0.266600                      NaN     -0.0470         NaN           
 69735.076     1050397.7272     18.521     23.685     0.214988    -0.939056     -0.268241                      NaN     -0.0470         NaN           
 69736.076     1043909.0277     18.580     23.904     0.214254    -0.938743     -0.269920                      NaN     -0.0469         NaN           
 69737.076     1037432.0443     18.639     24.126     0.213509    -0.938417     -0.271640                      NaN     -0.0469         NaN           
 69738.076     1030967.0067     18.700     24.350     0.212754    -0.938077     -0.273399                      NaN     -0.0469         NaN           
 69739.076     1024514.1498     18.761     24.576     0.211987    -0.937724     -0.275200                      NaN     -0.0469         NaN           
 69740.076     1018073.7103     18.823     24.805     0.211209    -0.937357     -0.277043                      NaN     -0.0469         NaN           
 69741.076     1011645.9415     18.886     25.036     0.210420    -0.936975     -0.278928                      NaN     -0.0468         NaN           
 69742.076     1005231.0916     18.951     25.270     0.209618    -0.936579     -0.280855                      NaN     -0.0468         NaN           
 69743.076      998829.4181     19.016     25.506     0.208805    -0.936167     -0.282827                      NaN     -0.0468         NaN           
 69744.076      992441.1849     19.082     25.745     0.207979    -0.935740     -0.284843                      NaN     -0.0468         NaN           
 69745.076      986066.6617     19.149     25.987     0.207141    -0.935296     -0.286903                      NaN     -0.0468         NaN           
 69746.076      979706.1211     19.218     26.231     0.206290    -0.934836     -0.289010                      NaN     -0.0467         NaN           
 69747.076      973359.8537     19.287     26.478     0.205426    -0.934358     -0.291162                      NaN     -0.0467         NaN           
 69748.076      967028.1451     19.358     26.728     0.204548    -0.933862     -0.293362                      NaN     -0.0467         NaN           
 69749.076      960711.2919     19.430     26.980     0.203658    -0.933348     -0.295610                      NaN     -0.0467         NaN           
 69750.076      954409.6035     19.503     27.236     0.202753    -0.932815     -0.297906                      NaN     -0.0466         NaN           
 69751.076      948123.3810     19.577     27.494     0.201834    -0.932262     -0.300251                      NaN     -0.0466         NaN           
 69752.076      941852.9413     19.653     27.756     0.200901    -0.931689     -0.302647                      NaN     -0.0466         NaN           
 69753.076      935598.6196     19.730     28.020     0.199953    -0.931095     -0.305093                      NaN     -0.0466         NaN           
 69754.076      929360.7462     19.808     28.287     0.198990    -0.930479     -0.307590                      NaN     -0.0465         NaN           
 69755.076      923139.6630     19.888     28.558     0.198012    -0.929841     -0.310140                      NaN     -0.0465         NaN           
 69756.076      916935.7204     19.969     28.832     0.197019    -0.929180     -0.312743                      NaN     -0.0465         NaN           
 69757.076      910749.2771     20.052     29.109     0.196009    -0.928495     -0.315400                      NaN     -0.0464         NaN           
 69758.076      904580.7007     20.136     29.389     0.194983    -0.927786     -0.318111                      NaN     -0.0464         NaN           
 69759.076      898430.3638     20.221     29.673     0.193941    -0.927051     -0.320878                      NaN     -0.0464         NaN           
 69760.076      892298.6599     20.309     29.960     0.192881    -0.926290     -0.323702                      NaN     -0.0463         NaN           
 69761.076      886185.9803     20.398     30.251     0.191805    -0.925503     -0.326582                      NaN     -0.0463         NaN           
 69762.076      880092.7298     20.488     30.545     0.190711    -0.924687     -0.329520                      NaN     -0.0462         NaN           
 69763.076      874019.3232     20.581     30.842     0.189599    -0.923842     -0.332517                      NaN     -0.0462         NaN           
 69764.076      867966.1855     20.675     31.144     0.188468    -0.922968     -0.335573                      NaN     -0.0461         NaN           
 69765.076      861933.7481     20.771     31.449     0.187319    -0.922063     -0.338690                      NaN     -0.0461         NaN           
 69766.076      855922.4649     20.869     31.758     0.186150    -0.921126     -0.341869                      NaN     -0.0461         NaN           
 69767.076      849932.7893     20.969     32.070     0.184963    -0.920157     -0.345109                      NaN     -0.0460         NaN           
 69768.076      843965.1895     21.071     32.387     0.183755    -0.919154     -0.348412                      NaN     -0.0460         NaN           
 69769.076      838020.1454     21.176     32.707     0.182527    -0.918115     -0.351779                      NaN     -0.0459         NaN           
 69770.076      832098.1487     21.282     33.032     0.181278    -0.917041     -0.355211                      NaN     -0.0459         NaN           
 69771.076      826199.6995     21.390     33.360     0.180007    -0.915929     -0.358708                      NaN     -0.0458         NaN           
 69772.076      820325.3217     21.501     33.693     0.178716    -0.914779     -0.362272                      NaN     -0.0457         NaN           
 69773.076      814475.5405     21.615     34.030     0.177402    -0.913588     -0.365902                      NaN     -0.0457         NaN           
 69774.076      808650.8976     21.731     34.371     0.176066    -0.912357     -0.369601                      NaN     -0.0456         NaN           
 69775.076      802851.9485     21.849     34.717     0.174706    -0.911084     -0.373369                      NaN     -0.0456         NaN           
 69776.076      797079.2621     21.970     35.067     0.173323    -0.909766     -0.377207                      NaN     -0.0455         NaN           
 69777.076      791333.4171     22.094     35.421     0.171917    -0.908403     -0.381115                      NaN     -0.0454         NaN           
 69778.076      785615.0187     22.221     35.781     0.170485    -0.906993     -0.385095                      NaN     -0.0453         NaN           
 69779.076      779924.6744     22.350     36.144     0.169029    -0.905535     -0.389146                      NaN     -0.0453         NaN           
 69780.076      774263.0160     22.483     36.513     0.167548    -0.904027     -0.393271                      NaN     -0.0452         NaN           
 69781.076      768630.6765     22.619     36.886     0.166040    -0.902468     -0.397470                      NaN     -0.0451         NaN           
 69782.076      763028.3151     22.758     37.264     0.164506    -0.900855     -0.401743                      NaN     -0.0450         NaN           
 69783.076      757456.6066     22.900     37.647     0.162945    -0.899188     -0.406092                      NaN     -0.0450         NaN           
 69784.076      751916.2364     23.046     38.035     0.161357    -0.897463     -0.410516                      NaN     -0.0449         NaN           
 69785.076      746407.9180     23.196     38.429     0.159740    -0.895680     -0.415018                      NaN     -0.0448         NaN           
 69786.076      740932.3700     23.349     38.827     0.158095    -0.893837     -0.419597                      NaN     -0.0447         NaN           
 69787.076      735490.3322     23.507     39.231     0.156421    -0.891931     -0.424253                      NaN     -0.0446         NaN           
 69788.076      730082.5617     23.669     39.639     0.154716    -0.889961     -0.428989                      NaN     -0.0445         NaN           
 69789.076      724709.8331     23.834     40.054     0.152982    -0.887925     -0.433804                      NaN     -0.0444         NaN           
 69790.076      719372.9354     24.005     40.473     0.151217    -0.885820     -0.438699                      NaN     -0.0443         NaN           
 69791.076      714072.6875     24.180     40.899     0.149420    -0.883644     -0.443674                      NaN     -0.0442         NaN           
 69792.076      708809.9152     24.360     41.329     0.147591    -0.881395     -0.448730                      NaN     -0.0441         NaN           
 69793.076      703585.4669     24.544     41.766     0.145730    -0.879072     -0.453868                      NaN     -0.0440         NaN           
 69794.076      698400.2102     24.734     42.208     0.143835    -0.876670     -0.459087                      NaN     -0.0438         NaN           
 69795.076      693255.0318     24.930     42.656     0.141907    -0.874189     -0.464387                      NaN     -0.0437         NaN           
 69796.076      688150.8343     25.131     43.110     0.139945    -0.871626     -0.469771                      NaN     -0.0436         NaN           
 69797.076      683088.5517     25.338     43.569     0.137947    -0.868977     -0.475236                      NaN     -0.0434         NaN           
 69798.076      678069.1258     25.552     44.035     0.135914    -0.866241     -0.480784                      NaN     -0.0433         NaN           
 69854.076      501968.4040     81.306     75.787    -0.040167    -0.493983     -0.868543                      NaN         NaN     -0.0869           
 69855.076      501384.1795     84.721     76.066    -0.044068    -0.482824     -0.874608                      NaN         NaN     -0.0875           
 69856.076      500908.7956     88.268     76.296    -0.047962    -0.471551     -0.880534                      NaN         NaN     -0.0881           
 69857.076      500542.5642     91.926     76.474    -0.051846    -0.460169     -0.886316                      NaN         NaN     -0.0886           
 69858.076      500285.7264     95.669     76.597    -0.055718    -0.448687     -0.891950                      NaN         NaN     -0.0892           
 69859.076      500138.4495     99.468     76.665    -0.059576    -0.437112     -0.897432                      NaN         NaN     -0.0897           
 69860.076      500100.8373    103.291     76.675    -0.063416    -0.425450     -0.902757                      NaN         NaN     -0.0903           
 69861.076      500172.9129    107.103     76.628    -0.067236    -0.413710     -0.907923                      NaN         NaN     -0.0908           
 69862.076      500354.6299    110.871     76.525    -0.071033    -0.401900     -0.912924                      NaN         NaN     -0.0913           
 69863.076      500645.8699    114.564     76.366    -0.074806    -0.390027     -0.917760                      NaN         NaN     -0.0918           
 69864.076      501046.4425    118.156     76.155    -0.078551    -0.378100     -0.922426                      NaN         NaN     -0.0922           
 69865.076      501556.0865    121.623     75.893    -0.082266    -0.366127     -0.926921                      NaN         NaN     -0.0927           
 69866.076      502174.4677    124.948     75.584    -0.085949    -0.354116     -0.931244                      NaN         NaN     -0.0931           
 69867.076      502901.1905    128.119     75.231    -0.089598    -0.342075     -0.935391                      NaN         NaN     -0.0935           
 69868.076      503735.7836    131.127     74.838    -0.093211    -0.330013     -0.939363                      NaN         NaN     -0.0939           
 69869.076      504677.7119    133.971     74.409    -0.096785    -0.317938     -0.943159                      NaN         NaN     -0.0943           
 69870.076      505726.3745    136.650     73.947    -0.100318    -0.305858     -0.946777                      NaN         NaN     -0.0947           
 69871.076      506881.1105    139.168     73.456    -0.103810    -0.293781     -0.950219                      NaN         NaN     -0.0950           
 69872.076      508141.1938    141.530     72.938    -0.107257    -0.281715     -0.953485                      NaN         NaN     -0.0953           
 69873.076      509505.8466    143.742     72.397    -0.110658    -0.269668     -0.956574                      NaN         NaN     -0.0957           
 69874.076      510974.2282    145.813     71.837    -0.114012    -0.257648     -0.959489                      NaN         NaN     -0.0959           
 69875.076      512545.4463    147.751     71.258    -0.117317    -0.245663     -0.962230                      NaN         NaN     -0.0962           
 69876.076      514218.5573    149.564     70.664    -0.120573    -0.233719     -0.964799                      NaN         NaN     -0.0965           
 69877.076      515992.5691    151.261     70.058    -0.123776    -0.221824     -0.967199                      NaN         NaN     -0.0967           
 69878.076      517866.4416    152.850     69.440    -0.126928    -0.209985     -0.969431                      NaN         NaN     -0.0969           
 69879.076      519839.0976    154.338     68.813    -0.130026    -0.198208     -0.971497                      NaN         NaN     -0.0971           
 69880.076      521909.4137    155.733     68.179    -0.133069    -0.186500     -0.973401                      NaN         NaN     -0.0973           
 69881.076      524076.2309    157.043     67.538    -0.136058    -0.174868     -0.975146                      NaN         NaN     -0.0975           
 69882.076      526338.3558    158.273     66.893    -0.138991    -0.163316     -0.976734                      NaN         NaN     -0.0977           
 69883.076      528694.5631    159.429     66.244    -0.141867    -0.151851     -0.978169                      NaN         NaN     -0.0978           
 69884.076      531143.5990    160.518     65.593    -0.144687    -0.140478     -0.979455                      NaN         NaN     -0.0979           
 69885.076      533684.1818    161.544     64.940    -0.147449    -0.129202     -0.980595                      NaN         NaN     -0.0981           
 69886.076      536315.0117    162.511     64.286    -0.150154    -0.118028     -0.981592                      NaN         NaN     -0.0982           
 69887.076      539034.7634    163.425     63.633    -0.152801    -0.106959     -0.982452                      NaN         NaN     -0.0982           
 69888.076      541842.0955    164.289     62.980    -0.155391    -0.096002     -0.983177                      NaN         NaN     -0.0983           
 69889.076      544735.6515    165.107     62.329    -0.157923    -0.085158     -0.983773                      NaN         NaN     -0.0984           
 69890.076      547714.0622    165.882     61.680    -0.160398    -0.074432     -0.984242                      NaN         NaN     -0.0984           
 69891.076      550775.9469    166.618     61.034    -0.162815    -0.063827     -0.984590                      NaN         NaN     -0.0985           
 69892.076      553919.9214    167.316     60.391    -0.165175    -0.053346     -0.984821                      NaN         NaN     -0.0985           
 69893.076      557144.5916    167.979     59.751    -0.167478    -0.042991     -0.984938                      NaN         NaN     -0.0985           
 69894.076      560448.5616    168.611     59.115    -0.169725    -0.032766     -0.984947                      NaN         NaN     -0.0985           
 69895.076      563830.4343    169.212     58.483    -0.171916    -0.022672     -0.984851                      NaN         NaN     -0.0985           
 69896.076      567288.8130    169.786     57.856    -0.174052    -0.012711     -0.984654                      NaN         NaN     -0.0985           
 69897.076      570822.3028    170.333     57.234    -0.176132    -0.002884     -0.984362                      NaN         NaN     -0.0984           
 69898.076      574429.5164    170.855     56.617    -0.178159     0.006806     -0.983978                      NaN         NaN     -0.0984           
 69899.076      578109.0691    171.355     56.005    -0.180131     0.016359     -0.983507                      NaN         NaN     -0.0984           
 69900.076      581859.5814    171.833     55.399    -0.182051     0.025773     -0.982951                      NaN         NaN     -0.0983           
 69901.076      585679.6921    172.291     54.798    -0.183919     0.035049     -0.982316                      NaN         NaN     -0.0982           
 69902.076      589568.0434    172.730     54.203    -0.185735     0.044185     -0.981606                      NaN         NaN     -0.0982           
 69903.076      593523.2889    173.151     53.614    -0.187501     0.053181     -0.980824                      NaN         NaN     -0.0981           
 69904.076      597544.0956    173.555     53.031    -0.189216     0.062037     -0.979974                      NaN         NaN     -0.0980           
 69905.076      601629.1465    173.943     52.454    -0.190883     0.070754     -0.979060                      NaN         NaN     -0.0979           
 69906.076      605777.1370    174.316     51.884    -0.192502     0.079330     -0.978085                      NaN         NaN     -0.0978           
 69907.076      609986.7788    174.675     51.319    -0.194073     0.087767     -0.977053                      NaN         NaN     -0.0977           
 69908.076      614256.7999    175.020     50.761    -0.195598     0.096065     -0.975968                      NaN         NaN     -0.0976           
 69909.076      618585.9456    175.353     50.209    -0.197078     0.104225     -0.974832                      NaN         NaN     -0.0975           
 69910.076      622972.9781    175.674     49.664    -0.198513     0.112247     -0.973649                      NaN         NaN     -0.0974           
 69911.076      627416.6799    175.983     49.125    -0.199904     0.120132     -0.972423                      NaN         NaN     -0.0972           
 69912.076      631915.8501    176.282     48.592    -0.201253     0.127882     -0.971156                      NaN         NaN     -0.0971           
 69913.076      636469.3077    176.570     48.066    -0.202559     0.135497     -0.969851                      NaN         NaN     -0.0970           
 69914.076      641075.8910    176.849     47.546    -0.203825     0.142978     -0.968511                      NaN         NaN     -0.0969           
 69915.076      645734.4582    177.118     47.032    -0.205051     0.150327     -0.967138                      NaN         NaN     -0.0967           
 69916.076      650443.8871    177.379     46.525    -0.206238     0.157545     -0.965736                      NaN         NaN     -0.0966           
 69917.076      655203.0765    177.631     46.024    -0.207387     0.164633     -0.964306                      NaN         NaN     -0.0964           
 69918.076      660010.9446    177.875     45.529    -0.208498     0.171593     -0.962852                      NaN         NaN     -0.0963           
 69919.076      664866.4302    178.112     45.040    -0.209573     0.178426     -0.961376                      NaN         NaN     -0.0961           
 69920.076      669768.4925    178.341     44.558    -0.210612     0.185134     -0.959879                      NaN         NaN     -0.0960           
 69921.076      674716.1108    178.563     44.082    -0.211617     0.191719     -0.958364                      NaN         NaN     -0.0958           
 69922.076      679708.2849    178.779     43.612    -0.212588     0.198182     -0.956834                      NaN         NaN     -0.0957           
 69923.076      684744.0353    178.988     43.147    -0.213526     0.204524     -0.955289                      NaN         NaN     -0.0955           
 69924.076      689822.4019    179.192     42.689    -0.214432     0.210748     -0.953732                      NaN         NaN     -0.0954           
 69925.076      694942.4449    179.389     42.237    -0.215306     0.216855     -0.952164                      NaN         NaN     -0.0952           
 69926.076      700103.2443    179.581     41.790    -0.216150     0.222847     -0.950588                      NaN         NaN     -0.0951           
 69927.076      705303.8998    179.767     41.350    -0.216964     0.228725     -0.949005                      NaN         NaN     -0.0949           
 69928.076      710543.5305    179.949     40.915    -0.217750     0.234492     -0.947417                      NaN         NaN     -0.0947           
 69929.076      715821.2749   -179.875     40.485    -0.218507     0.240149     -0.945824                      NaN         NaN     -0.0946           
 69930.076      721136.2853   -179.703     40.062    -0.219236     0.245698     -0.944229                      NaN         NaN     -0.0944           
 69931.076      726487.7460   -179.536     39.643    -0.219939     0.251141     -0.942632                      NaN         NaN     -0.0943           
 69932.076      731874.8499   -179.373     39.231    -0.220616     0.256479     -0.941035                      NaN         NaN     -0.0941           
 69933.076      737296.8083   -179.214     38.823    -0.221268     0.261715     -0.939439                      NaN         NaN     -0.0939           
 69934.076      742752.8516   -179.060     38.421    -0.221894     0.266849     -0.937846                      NaN         NaN     -0.0938           
 69935.076      748242.2285   -178.909     38.024    -0.222497     0.271884     -0.936255                      NaN         NaN     -0.0936           
 69936.076      753764.2042   -178.762     37.632    -0.223077     0.276822     -0.934669                      NaN         NaN     -0.0935           
 69937.076      759318.0615   -178.618     37.245    -0.223634     0.281663     -0.933088                      NaN         NaN     -0.0933           
 69938.076      764903.0997   -178.478     36.864    -0.224169     0.286411     -0.931513                      NaN         NaN     -0.0932           
 69939.076      770518.6345   -178.341     36.487    -0.224682     0.291066     -0.929945                      NaN         NaN     -0.0930           
 69940.076      776163.9977   -178.208     36.115    -0.225175     0.295631     -0.928385                      NaN         NaN     -0.0928           
 69941.076      781838.5371   -178.077     35.748    -0.225647     0.300106     -0.926833                      NaN         NaN     -0.0927           
 69942.076      787541.6150   -177.950     35.385    -0.226100     0.304495     -0.925290                      NaN         NaN     -0.0925           
 69943.076      793272.6097   -177.825     35.027    -0.226533     0.308797     -0.923757                      NaN         NaN     -0.0924           
 69944.076      799030.9142   -177.704     34.674    -0.226948     0.313015     -0.922234                      NaN         NaN     -0.0922           
 69945.076      804815.9356   -177.585     34.325    -0.227344     0.317151     -0.920722                      NaN         NaN     -0.0921           
 69946.076      810627.0955   -177.468     33.980    -0.227723     0.321206     -0.919222                      NaN         NaN     -0.0919           
 69947.076      816463.8291   -177.354     33.640    -0.228085     0.325181     -0.917733                      NaN         NaN     -0.0918           
 69948.076      822325.5857   -177.243     33.305    -0.228430     0.329078     -0.916257                      NaN         NaN     -0.0916           
 69949.076      828211.8265   -177.134     32.973    -0.228758     0.332899     -0.914794                      NaN         NaN     -0.0915           
 69950.076      834122.0268   -177.027     32.646    -0.229071     0.336645     -0.913343                      NaN         NaN     -0.0913           
 69951.076      840055.6742   -176.922     32.322    -0.229369     0.340317     -0.911907                      NaN         NaN     -0.0912           
 69952.076      846012.2685   -176.820     32.003    -0.229652     0.343918     -0.910484                      NaN         NaN     -0.0910           
 69953.076      851991.3217   -176.719     31.687    -0.229920     0.347447     -0.909075                      NaN         NaN     -0.0909           
 69954.076      857992.3581   -176.621     31.376    -0.230174     0.350907     -0.907680                      NaN         NaN     -0.0908           
 69955.076      864014.9115   -176.525     31.068    -0.230415     0.354300     -0.906301                      NaN         NaN     -0.0906           
 69956.076      870058.5287   -176.430     30.764    -0.230642     0.357625     -0.904936                      NaN         NaN     -0.0905           
 69957.076      876122.7670   -176.337     30.464    -0.230856     0.360885     -0.903586                      NaN         NaN     -0.0904           
 69958.076      882207.1940   -176.246     30.167    -0.231058     0.364081     -0.902251                      NaN         NaN     -0.0902           
 69959.076      888311.3881   -176.157     29.874    -0.231247     0.367215     -0.900932                      NaN         NaN     -0.0901           
 69960.076      894434.9324   -176.070     29.584    -0.231425     0.370286     -0.899628                      NaN         NaN     -0.0900           
 69961.076      900577.4333   -175.984     29.298    -0.231591     0.373297     -0.898340                      NaN         NaN     -0.0898           
 69962.076      906738.4970   -175.899     29.015    -0.231745     0.376249     -0.897068                      NaN         NaN     -0.0897           
 69963.076      912917.7389   -175.817     28.736    -0.231889     0.379143     -0.895811                      NaN         NaN     -0.0896           
 69964.076      919114.7853   -175.735     28.460    -0.232022     0.381980     -0.894571                      NaN         NaN     -0.0895           
 69965.076      925329.2711   -175.656     28.187    -0.232145     0.384761     -0.893346                      NaN         NaN     -0.0893           
 69966.076      931560.8403   -175.577     27.917    -0.232257     0.387488     -0.892138                      NaN         NaN     -0.0892           
 69967.076      937809.1460   -175.500     27.650    -0.232360     0.390161     -0.890945                      NaN         NaN     -0.0891           
 69968.076      944073.8468   -175.424     27.387    -0.232453     0.392781     -0.889769                      NaN         NaN     -0.0890           
 69969.076      950354.6121   -175.350     27.126    -0.232537     0.395349     -0.888609                      NaN         NaN     -0.0889           
 69970.076      956651.1182   -175.277     26.869    -0.232612     0.397867     -0.887464                      NaN         NaN     -0.0887           
 69971.076      962963.0491   -175.205     26.614    -0.232678     0.400336     -0.886336                      NaN         NaN     -0.0886           
 69972.076      969290.0960   -175.134     26.362    -0.232736     0.402756     -0.885224                      NaN         NaN     -0.0885           
 69973.076      975631.9585   -175.065     26.113    -0.232785     0.405128     -0.884128                      NaN         NaN     -0.0884           
 69974.076      981988.3402   -174.997     25.867    -0.232826     0.407453     -0.883048                      NaN         NaN     -0.0883           
 69975.076      988358.9545   -174.929     25.623    -0.232859     0.409733     -0.881984                      NaN         NaN     -0.0882           
 69976.076      994743.5205   -174.863     25.382    -0.232885     0.411967     -0.880936                      NaN         NaN     -0.0881           
 69977.076     1001141.7640   -174.798     25.144    -0.232903     0.414157     -0.879903                      NaN         NaN     -0.0880           
 69978.076     1007553.4167   -174.734     24.909    -0.232914     0.416304     -0.878887                      NaN         NaN     -0.0879           
 69979.076     1013978.2180   -174.671     24.675    -0.232917     0.418409     -0.877886                      NaN         NaN     -0.0878           
 69980.076     1020415.9098   -174.609     24.445    -0.232914     0.420472     -0.876900                      NaN         NaN     -0.0877           
 69981.076     1026866.2433   -174.548     24.217    -0.232904     0.422494     -0.875930                      NaN         NaN     -0.0876           
 69982.076     1033328.9740   -174.488     23.991    -0.232888     0.424476     -0.874976                      NaN         NaN     -0.0875           
 69983.076     1039803.8634   -174.428     23.768    -0.232865     0.426419     -0.874037                      NaN         NaN     -0.0874           
 69984.076     1046290.6780   -174.370     23.547    -0.232836     0.428323     -0.873113                      NaN         NaN     -0.0873           
 69985.076     1052789.1909   -174.312     23.328    -0.232801     0.430190     -0.872204                      NaN         NaN     -0.0872           
 69986.076     1059299.1770   -174.256     23.112    -0.232760     0.432019     -0.871311                      NaN         NaN     -0.0871           
 69987.076     1065820.4195   -174.200     22.898    -0.232714     0.433812     -0.870432                      NaN         NaN     -0.0870           
 69988.076     1072352.7054   -174.145     22.686    -0.232662     0.435569     -0.869568                      NaN         NaN     -0.0870           
 69989.076     1078895.8263   -174.091     22.476    -0.232604     0.437291     -0.868719                      NaN         NaN     -0.0869           
 69990.076     1085449.5727   -174.037     22.268    -0.232541     0.438979     -0.867884                      NaN         NaN     -0.0868           
 69991.076     1092013.7552   -173.985     22.063    -0.232473     0.440633     -0.867064                      NaN         NaN     -0.0867           
 69992.076     1098588.1787   -173.933     21.859    -0.232400     0.442253     -0.866258                      NaN         NaN     -0.0866           

627609.397      598515.5036    143.499     52.640    -0.047831     0.489855     -0.870491                      NaN         NaN     -0.0870           
627610.397      594539.6325    143.037     53.208    -0.052077     0.480841     -0.875260                      NaN         NaN     -0.0875           
627611.397      590630.1852    142.556     53.781    -0.056373     0.471653     -0.879980                      NaN         NaN     -0.0880           
627612.397      586788.4889    142.055     54.359    -0.060719     0.462292     -0.884647                      NaN         NaN     -0.0885           
627613.397      583015.8871    141.532     54.943    -0.065113     0.452754     -0.889255                      NaN         NaN     -0.0889           
627614.397      579313.7338    140.987     55.531    -0.069556     0.443039     -0.893800                      NaN         NaN     -0.0894           
627615.397      575683.3921    140.419     56.123    -0.074045     0.433147     -0.898277                      NaN         NaN     -0.0898           
627616.397      572126.2330    139.824     56.720    -0.078581     0.423076     -0.902680                      NaN         NaN     -0.0903           
627617.397      568643.6290    139.203     57.320    -0.083162     0.412827     -0.907005                      NaN         NaN     -0.0907           
627618.397      565236.9712    138.554     57.924    -0.087787     0.402399     -0.911246                      NaN         NaN     -0.0911           
627619.397      561907.6397    137.874     58.532    -0.092455     0.391791     -0.915397                      NaN         NaN     -0.0915           
627620.397      558657.0207    137.161     59.142    -0.097163     0.381005     -0.919453                      NaN         NaN     -0.0919           
627621.397      555486.4992    136.414     59.755    -0.101912     0.370041     -0.923409                      NaN         NaN     -0.0923           
627622.397      552397.4579    135.629     60.370    -0.106698     0.358900     -0.927258                      NaN         NaN     -0.0927           
627623.397      549391.2697    134.806     60.986    -0.111520     0.347582     -0.930994                      NaN         NaN     -0.0931           
627624.397      546469.3142    133.940     61.604    -0.116377     0.336090     -0.934612                      NaN         NaN     -0.0935           
627625.397      543632.9479    133.030     62.221    -0.121266     0.324424     -0.938106                      NaN         NaN     -0.0938           
627626.397      540883.5201    132.071     62.839    -0.126185     0.312587     -0.941470                      NaN         NaN     -0.0941           
627627.397      538222.3659    131.061     63.455    -0.131132     0.300582     -0.944698                      NaN         NaN     -0.0945           
627628.397      535650.8036    129.996     64.069    -0.136104     0.288411     -0.947784                      NaN         NaN     -0.0948           
627629.397      533170.1276    128.873     64.680    -0.141100     0.276077     -0.950722                      NaN         NaN     -0.0951           
627630.397      530781.6248    127.687     65.288    -0.146115     0.263584     -0.953506                      NaN         NaN     -0.0954           
627631.397      528486.5398    126.434     65.890    -0.151149     0.250935     -0.956131                      NaN         NaN     -0.0956           
627632.397      526286.0984    125.110     66.487    -0.156197     0.238134     -0.958590                      NaN         NaN     -0.0959           
627633.397      524181.4945    123.710     67.076    -0.161258     0.225187     -0.960878                      NaN         NaN     -0.0961           
627634.397      522173.8887    122.229     67.656    -0.166327     0.212098     -0.962990                      NaN         NaN     -0.0963           
627635.397      520264.4057    120.662     68.226    -0.171402     0.198872     -0.964920                      NaN         NaN     -0.0965           
627636.397      518454.1272    119.003     68.784    -0.176480     0.185514     -0.966664                      NaN         NaN     -0.0967           
627637.397      516744.1055    117.248     69.328    -0.181558     0.172032     -0.968216                      NaN         NaN     -0.0968           
627638.397      515135.3362    115.392     69.857    -0.186631     0.158431     -0.969571                      NaN         NaN     -0.0970           
627639.397      513628.7719    113.430     70.368    -0.191697     0.144718     -0.970726                      NaN         NaN     -0.0971           
627640.397      512225.3155    111.357     70.858    -0.196752     0.130900     -0.971676                      NaN         NaN     -0.0972           
627641.397      510925.8178    109.171     71.327    -0.201793     0.116984     -0.972417                      NaN         NaN     -0.0972           
627642.397      509731.0706    106.867     71.770    -0.206815     0.102977     -0.972946                      NaN         NaN     -0.0973           
627643.397      508641.8206    104.445     72.186    -0.211817     0.088889     -0.973259                      NaN         NaN     -0.0973           
627644.397      507658.7434    101.905     72.572    -0.216794     0.074726     -0.973353                      NaN         NaN     -0.0973           
627645.397      506782.4575     99.249     72.926    -0.221742     0.060498     -0.973227                      NaN         NaN     -0.0973           
627646.397      506013.5177     96.479     73.244    -0.226658     0.046213     -0.972877                      NaN         NaN     -0.0973           
627647.397      505352.4143     93.604     73.524    -0.231539     0.031880     -0.972303                      NaN         NaN     -0.0972           
627648.397      504799.5673     90.633     73.764    -0.236380     0.017507     -0.971503                      NaN         NaN     -0.0972           
627649.397      504355.3399     87.576     73.961    -0.241179     0.003104     -0.970476                      NaN         NaN     -0.0970           
627650.397      504020.0152     84.448     74.114    -0.245933    -0.011319     -0.969221                      NaN         NaN     -0.0969           
627651.397      503793.8102     81.267     74.221    -0.250637    -0.025754     -0.967738                      NaN         NaN     -0.0968           
627652.397      503676.8715     78.051     74.281    -0.255289    -0.040191     -0.966029                      NaN         NaN     -0.0966           
627653.397      503669.2744     74.819     74.293    -0.259886    -0.054621     -0.964093                      NaN         NaN     -0.0964           
627654.397      503771.0198     71.593     74.258    -0.264424    -0.069033     -0.961933                      NaN         NaN     -0.0962           
627655.397      503982.0470     68.392     74.175    -0.268901    -0.083420     -0.959548                      NaN         NaN     -0.0960           
627656.397      504302.2144     65.236     74.045    -0.273314    -0.097771     -0.956943                      NaN         NaN     -0.0957           
627657.397      504731.3130     62.143     73.871    -0.277661    -0.112078     -0.954119                      NaN         NaN     -0.0954           
627658.397      505269.0640     59.128     73.652    -0.281938    -0.126331     -0.951079                      NaN         NaN     -0.0951           
627659.397      505915.1192     56.205     73.393    -0.286143    -0.140521     -0.947827                      NaN         NaN     -0.0948           
627660.397      506669.0623     53.384     73.094    -0.290275    -0.154640     -0.944366                      NaN         NaN     -0.0944           
627661.397      507530.4086     50.672     72.759    -0.294331    -0.168679     -0.940700                      NaN         NaN     -0.0941           
627662.397      508498.6158     48.075     72.390    -0.298310    -0.182629     -0.936834                      NaN         NaN     -0.0937           
627663.397      509573.0699     45.595     71.990    -0.302209    -0.196483     -0.932772                      NaN         NaN     -0.0933           
627664.397      510753.0980     43.234     71.561    -0.306028    -0.210233     -0.928520                      NaN         NaN     -0.0929           
627665.397      512037.9679     40.991     71.106    -0.309764    -0.223871     -0.924082                      NaN         NaN     -0.0924           
627666.397      513426.8900     38.864     70.628    -0.313417    -0.237391     -0.919465                      NaN         NaN     -0.0919           
627667.397      514919.0172     36.848     70.129    -0.316985    -0.250785     -0.914673                      NaN         NaN     -0.0915           
627668.397      516513.4574     34.941     69.611    -0.320468    -0.264047     -0.909714                      NaN         NaN     -0.0910           
627669.397      518209.2609     33.138     69.076    -0.323865    -0.277171     -0.904593                      NaN         NaN     -0.0905           
627670.397      520005.4330     31.433     68.526    -0.327176    -0.290150     -0.899316                      NaN         NaN     -0.0899           
627671.397      521900.9343     29.822     67.964    -0.330399    -0.302980     -0.893890                      NaN         NaN     -0.0894           
627672.397      523894.6834     28.300     67.391    -0.333536    -0.315656     -0.888321                      NaN         NaN     -0.0888           
627673.397      525985.5575     26.861     66.808    -0.336585    -0.328173     -0.882617                      NaN         NaN     -0.0883           
627674.397      528172.4043     25.501     66.218    -0.339548    -0.340526     -0.876784                      NaN         NaN     -0.0877           
627675.397      530454.0309     24.214     65.621    -0.342423    -0.352712     -0.870828                      NaN         NaN     -0.0871           
627773.388     1025145.1919     -5.642     24.481    -0.393587    -0.867412     -0.304443                      NaN     -0.0434         NaN           
627774.388     1031598.6551     -5.708     24.255    -0.393280    -0.868848     -0.300721                      NaN     -0.0434         NaN           
627775.388     1038064.5125     -5.772     24.032    -0.392972    -0.870254     -0.297037                      NaN     -0.0435         NaN           
627776.388     1044542.5254     -5.835     23.812    -0.392661    -0.871631     -0.293388                      NaN     -0.0436         NaN           
627777.388     1051032.4604     -5.897     23.593    -0.392350    -0.872979     -0.289775                      NaN     -0.0436         NaN           
627778.388     1057534.0907     -5.958     23.377    -0.392037    -0.874299     -0.286197                      NaN     -0.0437         NaN           
627779.388     1064047.1909     -6.018     23.163    -0.391722    -0.875592     -0.282654                      NaN     -0.0438         NaN           
627780.388     1070571.5405     -6.077     22.952    -0.391407    -0.876857     -0.279145                      NaN     -0.0438         NaN           
627781.388     1077106.9341     -6.135     22.742    -0.391090    -0.878097     -0.275670                      NaN     -0.0439         NaN           
627782.388     1083653.1596     -6.192     22.535    -0.390773    -0.879311     -0.272228                      NaN     -0.0440         NaN           
627783.388     1090210.0131     -6.249     22.330    -0.390455    -0.880501     -0.268819                      NaN     -0.0440         NaN           
627784.388     1096777.2954     -6.304     22.126    -0.390136    -0.881665     -0.265443                      NaN     -0.0441         NaN           
627785.388     1103354.8130     -6.359     21.925    -0.389816    -0.882807     -0.262099                      NaN     -0.0441         NaN           
627786.388     1109942.3727     -6.412     21.726    -0.389496    -0.883924     -0.258787                      NaN     -0.0442         NaN           
627787.388     1116539.7894     -6.465     21.529    -0.389176    -0.885019     -0.255506                      NaN     -0.0443         NaN           
627788.388     1123146.8806     -6.517     21.333    -0.388854    -0.886092     -0.252256                      NaN     -0.0443         NaN           
627789.388     1129763.4681     -6.568     21.140    -0.388533    -0.887143     -0.249036                      NaN     -0.0444         NaN           
627790.388     1136389.3771     -6.619     20.948    -0.388212    -0.888173     -0.245846                      NaN     -0.0444         NaN           
627791.388     1143024.4384     -6.668     20.758    -0.387890    -0.889182     -0.242687                      NaN     -0.0445         NaN           
627792.388     1149668.4819     -6.717     20.570    -0.387568    -0.890171     -0.239556                      NaN     -0.0445         NaN           
627793.388     1156321.3456     -6.766     20.384    -0.387246    -0.891140     -0.236455                      NaN     -0.0446         NaN           
627794.388     1162982.8692     -6.813     20.199    -0.386924    -0.892089     -0.233381                      NaN     -0.0446         NaN           


